133 5
132 10
131 8
130 11
135 10
134 9
24 7
25 10
26 4
27 11
20 11
21 11
22 15
23 9
28 2
29 8
4 4
8 12
87 11
120 12
121 11
122 10
123 6
124 10
125 14
126 12
127 14
128 13
129 6
59 14
58 13
55 5
54 7
57 9
56 8
51 1
50 12
53 5
52 3
115 13
114 3
117 4
116 5
111 10
110 2
113 13
112 12
82 8
83 5
80 10
81 8
86 12
118 8
84 3
85 14
3 11
7 10
108 6
109 4
102 6
103 9
100 2
101 13
106 11
107 6
104 10
105 11
39 2
38 5
33 9
32 4
31 2
30 14
37 14
36 13
35 12
34 5
60 2
61 3
62 9
63 6
64 11
65 14
66 3
67 4
68 3
69 12
2 12
6 4
99 8
98 7
91 1
90 6
93 13
92 2
95 9
94 13
97 13
96 11
11 12
10 9
13 11
12 9
15 7
14 13
17 4
16 12
19 6
18 8
88 4
89 10
48 6
49 14
46 5
119 10
44 14
45 12
42 7
43 7
40 5
41 11
1 5
5 13
9 2
77 12
76 6
75 14
74 3
73 10
72 14
71 14
70 5
79 6
78 13
47 2
