1 25 53 85 89 105 119 147 164 178
2 93 137 144
3 30 97
4 1 11 13 19 21 22 23 24 25 26 27 28 31 32 35 37 38 40 43 44 47 49 51 55 57 59 66 68 70 73 75 78 80 81 95 96 97 99 101 103 108 110 111 112 113 117 118 123 125 127 129 134 135 136 137 138 139 140 141 142 145 146 147 151 152 154 155 156 158 160 163 165 169 170 172 175 177 179 181 183 185 187 188 189 191 192 193 194 198 199
5 4 12 14 18 22 24 28 70 73 82 84 100 108 118 121 155 159 162 172 187
6 2 9 11 13 16 25 30 31 32 34 35 36 38 41 42 51 57 59 63 64 66 76 79 81 86 87 88 89 94 99 100 103 106 111 113 123 129 132 133 135 140 146 147 150 151 153 155 156 157 159 161 164 171 174 177 179 181 183 184 185 189 194 195 200
7 11 14 15 17 18 19 21 33 38 45 46 50 51 58 69 70 72 77 78 82 83 92 93 99 111 115 116 119 122 124 128 129 130 133 134 135 142 145 154 155 156 159 162 163 166 167 168 169 171 173 174 185 189 190 192 195 197
8 5 11 17 23 36 38 59 99 101 123 131 133 136 149 171 174 180 191 194
9 1 2 4 5 6 8 10 12 13 15 19 21 22 24 26 27 29 30 31 32 37 39 40 41 42 43 44 45 46 48 50 51 53 54 58 59 61 62 66 67 68 71 73 76 78 80 82 83 84 88 90 91 94 95 97 98 101 102 108 109 110 113 115 117 118 121 123 124 125 126 129 130 132 133 134 135 139 140 141 142 143 152 156 157 158 159 160 161 166 168 170 171 172 174 175 176 177 178 179 181 184 186 187 188 189 191 193 194 195 196 197 198 199 200
10 34 37 41 85 112 117 119 124 126 131 141 150 151
11 10 12 18 21 22 23 38 40 43 45 47 51 52 55 56 57 62 64 65 68 72 79 81 86 94 95 96 97 98 102 105 107 108 114 118 122 123 126 130 132 137 140 143 145 146 147 148 149 155 156 158 159 160 161 163 165 166 167 169 170 172 173 176 177 179 180 183 187 191 195 196 198 199
12 1 3 4 6 9 10 11 14 16 18 21 22 24 26 27 29 34 39 41 43 46 47 51 55 56 57 59 71 75 79 83 86 87 89 91 94 98 99 101 102 103 107 109 114 115 117 120 121 126 130 131 139 140 141 142 143 144 145 148 149 150 153 154 162 169 170 173 176 177 179 185 187 190 194 199
13 1 2 6 8 10 14 15 17 18 19 20 22 25 26 27 28 29 30 32 33 34 35 36 37 38 39 40 41 42 45 46 47 48 50 51 52 54 55 56 57 58 59 60 62 63 64 65 66 67 69 70 71 72 73 74 75 76 79 80 82 83 84 85 86 87 88 89 91 92 93 94 96 97 98 99 100 101 102 105 106 108 109 110 111 112 113 114 115 116 117 118 120 122 124 126 127 128 129 130 131 132 134 135 137 141 143 146 149 152 154 155 157 158 159 161 162 163 164 166 167 170 171 172 173 174 176 177 178 180 181 182 183 184 185 186 187 188 189 190 191 192 194 195 196 197 199 200
14 9 24 36 65 68 92 122 129 200
15 1 3 8 9 12 20 30 31 35 39 43 45 46 47 51 53 64 70 73 77 80 82 84 88 94 99 102 104 107 109 112 120 121 124 139 143 147 148 150 152 154 158 164 173 180 190 195 200
16 3 14 15 30 35 40 42 44 46 51 52 53 57 69 76 77 80 81 85 91 96 106 108 113 114 133 137 141 162 167 174 177 181 182 188 189 195
17 5 21 22 30 34 45 51 65 67 69 83 103 107 126 141 144 158 173 176 178 181 189 194 198 199
18 7 76 80 147
19 4 14 23 25 30 31 32 34 36 38 39 40 43 48 54 55 60 61 67 69 75 77 79 81 85 86 87 88 89 91 94 95 97 106 110 114 118 119 121 122 123 128 129 133 134 137 138 145 149 150 153 154 156 161 166 169 170 171 174 176 178 186 190 192 193 197 198 200
20 2 7 10 12 19 22 24 25 26 29 31 33 38 46 58 70 72 82 85 88 89 94 103 107 110 116 120 122 123 132 136 138 139 140 151 153 154 162 163 164 168 169 177 178 181 182 185 189 194 196 197 200
21 1 2 3 6 10 11 12 16 18 19 22 23 24 26 27 29 34 35 37 39 40 41 44 48 49 50 51 52 53 54 57 63 64 66 67 68 69 72 74 76 78 79 80 82 87 90 92 93 94 104 108 110 111 114 115 116 122 123 124 125 127 128 133 134 136 137 140 143 147 151 155 158 159 163 164 168 174 177 178 179 180 183 184 186 188 189 190 191 194 196 197 200
22 1 3 5 7 9 15 16 20 29 30 31 33 35 43 45 48 51 52 53 58 60 63 64 65 66 68 69 71 74 75 76 82 83 85 88 96 100 105 108 109 120 122 124 129 146 147 149 150 152 153 154 155 161 162 166 168 169 174 175 176 179 183 186 188 192 193
23 1 2 3 4 6 7 9 12 14 15 16 18 21 25 26 27 29 30 31 32 33 34 35 36 38 42 45 48 50 52 54 57 59 61 62 65 67 70 73 74 76 78 81 82 83 84 86 88 89 90 91 95 96 98 99 100 102 103 105 109 114 115 116 123 124 126 127 128 129 133 134 138 140 141 143 144 146 152 153 155 156 157 158 159 161 165 168 169 170 173 174 176 177 178 179 180 184 185 186 188 189 190 191 192 193 194 197 198 200
24 2 5 7 10 11 13 14 16 17 18 20 21 23 25 39 40 44 45 47 49 50 54 55 57 58 59 60 61 64 65 66 67 69 73 76 77 80 81 85 86 90 95 96 99 105 108 111 113 114 116 117 120 121 127 128 129 132 133 136 137 138 141 143 144 146 150 152 153 154 156 157 158 160 162 165 167 168 169 174 175 176 178 179 180 181 184 186 188 191 195 199 200
25 69 73 100
26 1 5 11 25 28 31 40 54 55 63 70 75 77 83 85 91 94 96 103 105 111 113 120 125 130 133 138 143 145 146 151 153 163 164 179 180 187 192 193
27 2 5 7 20 22 31 38 47 57 74 89 101 104 115 124 129 133 141 148 150 154 156 157 158 165 166 178 180 183 187 198
28 2 3 4 7 8 9 10 11 13 14 18 21 22 23 24 30 32 36 37 38 39 40 43 44 45 46 47 48 50 52 53 57 58 62 63 68 70 72 73 76 81 83 86 87 89 90 91 92 93 94 96 97 98 100 101 102 105 107 110 111 112 114 116 117 121 124 125 128 130 132 133 135 136 139 141 142 144 145 148 149 150 151 152 156 157 159 160 161 162 167 168 173 176 177 178 179 181 190 191 196 197 198 199
29 3 7 8 22 31 52 53 55 56 57 59 68 70 78 86 95 97 102 104 107 110 114 115 116 117 133 135 137 146 148 150 161 163 170 172 173 175 176 183 186
30 2 6 8 10 11 12 15 16 17 18 19 20 22 25 27 28 31 32 33 34 38 40 41 42 43 44 45 46 47 49 50 54 55 57 60 63 64 65 66 67 68 72 73 74 75 76 77 78 82 84 87 89 90 92 95 96 98 99 100 101 103 105 107 109 110 111 112 113 114 115 116 117 118 119 120 121 123 125 127 128 131 132 135 136 138 140 143 144 145 146 148 150 151 152 153 154 155 158 159 160 161 162 163 166 168 172 173 174 175 177 178 179 184 185 187 188 189 190 192 194 195 196 199 200
31 1 15 17 19 28 35 39 41 50 55 60 68 69 72 79 80 85 87 89 93 95 96 97 99 103 104 106 108 111 113 114 115 117 119 128 139 141 142 152 156 157 172 183 189 197
32 14 26 48 106 130 189
33 1 4 5 6 9 11 18 20 22 23 25 31 32 40 41 42 43 44 46 47 49 52 54 55 57 58 59 61 64 65 66 67 68 69 75 78 80 85 86 89 97 100 108 109 113 119 120 122 125 127 128 130 131 132 133 135 138 140 141 142 149 150 151 152 153 155 158 160 168 172 173 181 185 186 189 190 191 193 195 197 198
34 1 2 4 5 6 7 8 9 10 12 14 15 16 20 23 26 27 28 29 30 31 32 33 35 37 38 42 43 44 45 46 50 51 53 54 55 57 58 59 63 64 67 68 69 71 72 73 74 75 77 78 79 81 83 84 86 87 88 89 90 91 92 93 94 95 96 97 98 99 100 102 103 105 106 107 109 110 111 112 113 115 116 117 119 120 122 123 124 125 126 127 130 131 132 133 134 135 136 137 138 139 140 142 143 144 146 147 148 149 150 151 152 154 156 158 159 160 161 162 163 165 166 167 168 169 170 172 173 174 175 178 180 181 182 183 186 187 188 189 191 192 193 195 197 198 199 200
35 48 60
36 10 20 32 34 45 52 53 58 64 69 72 74 77 79 84 87 92 94 95 97 99 102 107 110 117 132 138 142 145 154 158 164 165 169 174 179 184 185
37 3 15 77 81 92 104 107 116 141 145 151 162 173
38 18 19 36 59 69 75 99 101 118 128 135 137 144 148 155 161 169 171
39 34 185
40 4 5 6 8 11 12 17 18 19 21 26 28 29 32 35 41 42 48 49 50 62 64 67 69 72 73 76 77 79 80 82 87 88 89 92 98 100 101 107 114 117 119 120 126 128 136 143 146 150 151 154 157 158 160 161 164 168 172 174 176 177 183 187 191 195 197
41 2 3 12 15 16 17 22 29 35 40 44 46 52 63 64 66 67 68 70 74 75 83 85 86 88 97 98 104 113 117 118 120 122 123 126 130 131 132 133 137 144 145 155 157 162 164 167 173 174 177 178 179 183 184 186 187 190 191 194 199
42 2 6 7 8 9 10 12 13 14 15 16 17 18 19 24 25 27 28 29 30 31 32 33 35 36 37 39 40 41 48 49 51 52 53 54 55 56 57 60 61 62 63 65 66 68 69 70 71 72 75 77 78 79 80 81 82 83 84 86 89 90 91 92 93 94 95 96 98 99 101 102 103 105 106 107 109 111 114 115 116 118 119 121 122 125 128 129 130 131 132 133 134 137 138 141 143 146 147 148 150 151 152 154 155 156 158 160 162 163 164 165 169 170 173 176 177 178 180 182 183 184 186 188 189 190 191 193 194 195 196 197 198 200
43 55 65 86 91 93 98 107 121 128 134 141 145 149 155 164 166 178 188
44 1 4 5 6 8 10 11 13 15 16 17 18 21 22 23 24 25 26 27 29 30 32 35 37 38 39 41 43 45 46 51 52 53 54 55 56 58 59 61 63 64 65 67 68 71 73 74 76 78 79 80 82 83 84 87 88 90 91 93 94 95 96 97 98 100 101 105 106 107 108 110 112 113 115 117 119 120 121 122 123 124 126 127 129 130 131 132 135 138 139 140 141 142 144 146 147 149 150 151 152 153 154 157 158 159 160 162 165 167 168 169 170 172 173 174 176 177 178 182 183 184 186 187 188 191 192 193 194 195
45 3 5 11 12 16 18 19 26 31 33 47 55 64 69 87 100 106 115 116 120 124 153 183
46 1 2 3 6 7 9 11 13 14 17 18 19 21 23 26 27 30 32 33 36 38 41 43 51 52 53 55 56 57 59 62 66 67 69 73 75 76 86 90 91 92 98 100 101 102 104 108 112 114 116 121 122 124 133 136 138 140 143 144 145 149 150 151 152 153 155 156 164 166 168 173 181 184 185 186 190 193 199
47 1 2 7 9 10 13 16 17 21 22 24 25 26 27 29 30 32 33 34 35 38 40 41 48 49 51 52 53 55 56 57 60 61 62 63 64 65 68 69 70 72 74 75 78 79 81 82 84 85 87 90 91 92 94 96 99 100 102 106 108 110 114 115 117 118 119 120 121 122 123 124 125 128 134 135 137 139 140 141 144 145 147 148 153 154 155 162 166 168 169 170 171 172 173 174 175 176 178 179 181 183 186 188 189 196 197 198 199
48 1 2 3 4 5 6 7 8 9 10 11 12 13 14 15 16 17 18 19 20 21 22 23 24 25 26 27 28 29 30 31 32 33 34 35 36 37 38 40 41 43 44 45 46 47 49 50 52 54 55 56 57 58 59 60 61 65 67 69 70 71 72 73 74 75 76 78 79 80 81 82 83 84 85 87 88 89 91 92 93 94 95 96 97 98 99 100 101 102 103 104 105 106 107 108 109 110 111 112 113 114 115 116 117 121 123 124 125 126 127 128 129 130 131 132 133 136 137 138 139 140 141 142 143 144 145 148 149 151 154 156 157 158 160 161 164 166 168 169 170 171 172 174 175 176 177 178 179 180 181 182 183 184 185 186 187 188 189 190 192 193 194 195 196 197 198 199 200
49 9 10 11 16 19 25 34 39 46 47 52 55 61 63 65 82 87 92 101 108 122 125 128 131 132 135 163 164 169 176 178 189 190 191 194 197 199
50 1 12 47 53 98 99 116 117 123 142 159
51 43 84 109 129 152 167 197
52 2 3 5 7 10 12 13 16 19 20 21 23 24 26 27 29 31 35 37 39 40 41 43 44 45 46 56 58 61 64 67 70 71 73 74 76 78 81 82 85 87 89 90 91 92 95 97 99 101 102 104 105 111 115 118 119 120 122 129 131 132 133 134 135 136 137 139 140 143 145 147 150 151 155 160 164 166 168 170 172 173 174 179 181 184 185 186 188 190 191 193 194 195 197 198
53 1 2 3 4 5 7 8 9 10 11 12 15 16 17 20 21 24 27 30 31 36 37 47 49 50 54 56 57 60 62 63 66 67 71 74 76 77 79 80 81 83 85 89 90 94 96 100 101 104 112 113 115 116 118 119 121 127 129 131 133 140 144 150 152 157 162 163 164 171 173 174 175 179 182 184 189 191 192 194 195 197 199
54 5 9 13 17 20 24 26 27 29 31 33 44 49 50 65 71 76 82 89 92 94 95 100 103 106 112 116 129 134 138 144 148 149 163 173 174 175 178 181 182 187 188 189 196
55 11 33 44 45 49 168
56 1 2 8 9 11 13 18 20 21 23 24 25 27 28 29 30 31 32 37 40 41 43 48 52 55 57 58 59 61 63 70 72 73 75 76 78 79 80 82 83 86 91 92 96 105 106 107 108 109 112 114 116 117 124 131 135 139 146 148 152 153 155 157 159 162 167 169 170 171 174 175 176 177 181 184 194 195
57 54 79 87 98 99
58 1 2 5 7 10 11 12 16 17 18 19 21 23 27 28 29 31 33 36 37 39 41 45 46 48 49 50 53 54 57 59 61 63 66 67 68 69 70 71 72 73 77 78 79 80 83 85 87 89 90 91 96 97 99 100 103 104 105 106 111 113 116 117 119 125 126 129 130 131 133 135 136 137 138 140 142 143 145 147 149 151 154 155 158 160 161 164 165 166 170 171 172 174 175 177 179 182 186 187 189 190 193 194 195 196 198 199 200
59 1 2 4 7 8 10 11 12 13 15 17 19 21 25 27 32 33 38 39 40 41 42 44 45 46 47 51 52 53 54 56 60 61 62 63 64 65 66 67 68 69 70 71 72 77 78 79 80 82 84 86 87 90 91 92 94 95 96 97 98 99 100 102 105 106 107 112 113 117 119 120 121 122 123 125 126 128 129 130 138 140 143 144 148 152 153 154 156 157 160 162 163 164 165 166 168 169 171 173 174 175 178 179 181 182 184 185 186 187 188 189 190 191 193 195 197 199 200
60 2 15 19 20 25 33 36 47 48 50 54 58 59 62 66 70 73 82 89 101 104 109 110 133 148 164 168 170 188 190
61 2 17 30 43 47 86 114 123 129 133 137 138 158 169 193 197
62 13 28 35 36 39 45 53 54 61 64 67 81 88 94 99 106 108 112 145 149 163 181 187 200
63 5 7 9 38 39 44 49 52 84 91 97 109 110 118 123 126 128 133 134 137 140 162 169 174 179 183 194 197
64 127 150
65 2 11 18 19 20 22 23 24 25 28 29 30 32 37 38 40 42 47 49 51 54 58 60 62 67 69 74 76 77 78 80 81 82 87 88 92 104 106 109 114 116 117 120 121 123 125 127 128 129 130 132 134 137 138 139 141 142 143 145 147 151 152 153 154 155 156 160 161 167 169 170 171 172 173 183 185 186 187 188 191 192 193 195 196 198 200
66 1 2 3 5 6 8 10 11 12 15 16 18 20 21 22 24 25 26 29 30 31 32 33 35 38 39 41 44 47 49 51 52 53 54 56 57 58 59 60 63 64 65 67 68 75 76 79 86 89 91 93 94 96 97 99 100 103 104 105 107 112 114 115 116 121 122 123 124 125 127 128 129 130 132 135 141 143 145 146 149 153 154 155 157 158 160 161 162 164 165 166 167 168 172 173 177 178 179 183 184 185 186 187 188 189 190 193 197 198 200
67 1 2 3 4 5 6 9 10 11 12 13 14 16 17 18 19 20 22 24 25 26 28 32 33 35 36 37 38 39 41 42 44 46 48 49 50 52 53 54 57 58 59 61 62 63 64 66 68 69 71 73 74 79 80 81 82 85 86 87 88 90 91 92 95 96 97 101 102 104 105 107 108 110 111 117 118 119 120 121 125 130 131 132 134 135 137 139 140 141 143 144 145 147 148 149 150 152 153 154 155 160 161 162 163 164 165 166 168 169 171 172 173 174 175 176 177 178 179 180 181 182 183 184 186 187 188 190 191 194 196 198 200
68 4 6 7 8 19 20 21 24 25 27 28 30 32 36 37 39 40 41 42 43 46 48 49 51 52 56 58 59 63 65 75 76 77 78 82 84 85 88 89 95 96 97 99 100 101 105 106 111 113 114 117 119 120 121 123 124 125 127 128 130 131 133 134 140 141 143 146 148 149 154 156 157 160 161 162 163 166 170 174 176 178 183 184 185 186 199 200
69 1 3 7 10 11 12 15 17 18 20 21 23 24 27 30 33 34 35 39 41 42 43 49 50 53 54 55 56 57 58 59 61 62 63 66 67 68 71 73 75 76 78 79 82 83 84 86 87 88 89 91 92 93 94 95 96 100 103 105 106 108 109 110 111 112 113 114 115 116 117 119 122 124 125 126 127 129 132 133 138 139 141 142 143 146 147 148 149 150 151 152 155 156 159 160 161 165 167 169 170 172 174 176 177 181 182 184 185 188 189 190 191 192 194 198 199 200
70 16 35 43 132 153 157 169 199
71 1 2 3 4 6 7 8 9 12 13 14 15 17 19 20 22 24 26 27 29 30 32 34 35 36 37 41 42 43 44 48 49 51 53 54 56 57 59 60 61 64 65 67 68 69 72 73 74 75 76 77 78 79 80 81 82 83 84 85 86 87 89 90 91 92 93 94 95 96 97 100 102 103 104 106 108 109 110 111 112 115 117 118 120 121 123 124 125 126 127 128 129 131 132 133 135 136 137 138 140 141 144 145 146 147 150 151 153 154 155 156 157 158 159 161 162 164 166 170 172 176 179 180 183 184 187 188 191 197 198 199
72 7 23 37 62 63 73 75 83 102 119 125 144 147 154 172 174 178 196 199
73 6 8 10 11 13 14 21 25 26 30 31 34 36 38 45 47 48 61 62 64 66 70 71 74 77 79 82 83 87 94 105 108 110 112 119 126 128 131 133 135 136 141 148 149 152 156 158 160 161 166 167 168 171 174 177 178 182 184 188 189 191 193 198 199
74 3 5 12 20 25 32 35 42 44 51 52 55 59 67 70 71 73 76 77 83 86 88 91 92 98 102 103 105 106 107 109 113 115 121 124 134 136 140 146 148 149 150 157 168 175 176 177 182 189 196 197
75 4 14 30 33 39 51 56 59 62 65 78 95 98 106 129 140 158 163 164 170 177 187 188 190 196
76 13 17 30 39 44 54 58 66 71 72 75 99 106 118 134 137 144 155 167 178 181 187
77 20 23 26 42 43 48 59 61 95 97 103 117 142 147 154 155 166 182 185 188 198 200
78 16 34 35 36 39 42 49 52 57 59 63 72 75 86 87 97 98 100 102 105 109 110 113 117 120 123 134 137 140 141 143 147 148 149 154 168 169 181 196
79 10 16 23 54 119 144 155 172 177 200
80 58 59 109 115 167
81 4 11 34 44 55 57 62 70 75 80 82 87 95 104 109 155 160 164 168 183 193
82 107 133 139 170 181 200
83 2 101 110 131 186
84 2 5 8 9 14 20 26 47 53 65 66 68 72 74 77 83 85 87 88 89 93 96 99 100 101 104 107 114 117 121 124 127 128 134 138 155 159 160 162 166 172 173 178 183 187 188 191 192 193
85 2 6 11 17 24 25 32 33 36 41 43 44 50 57 60 79 83 84 95 97 106 107 108 117 121 125 130 131 132 139 142 151 155 160 165 166 168 169 182 188 196 199
86 8 11 16 17 20 21 23 41 49 53 55 59 69 82 83 98 99 101 115 116 125 128 133 140 142 143 162 166 176 181 184 186 193 199
87 2 3 4 9 10 15 17 19 23 24 25 27 28 32 34 35 41 42 44 48 50 58 60 64 65 66 69 74 75 76 79 81 90 93 95 96 99 105 108 111 113 114 117 122 123 124 126 127 129 134 136 141 145 146 148 150 154 159 165 167 168 173 175 177 179 182 184 189 194
88 20 38 60 76 98 116 157 175 179
89 3 5 8 9 13 39 47 48 55 70 75 83 102 106 114 121 124 126 140 144 147 150 152 155 173 182 198
90 73 87 100 166 176
91 38 161
92 3 10 21 40 50 57 58 60 72 86 89 90 99 101 114 118 136 138 140 147 157 159 160 170 171 183 185 189
93 1 2 3 9 11 12 18 28 37 38 41 44 54 55 58 60 65 66 69 70 81 82 86 88 100 107 108 109 111 113 115 117 124 127 138 145 146 158 159 161 162 163 170 172 179 180 191 195 199
94 6 9 10 14 15 24 27 31 38 53 59 61 62 66 67 73 75 77 78 79 80 87 93 97 98 99 103 105 115 120 136 140 144 146 152 153 157 160 162 167 168 174 179 180 184 186 197
95 1 8 15 17 20 23 30 42 44 49 54 60 61 65 68 69 72 74 79 82 83 87 91 99 102 105 107 108 110 113 114 124 131 132 135 147 150 156 161 162 165 180 190 199
96 1 2 3 5 8 9 10 11 12 13 14 15 18 19 20 24 25 27 28 29 30 32 34 35 37 38 39 40 41 43 44 45 46 47 51 53 55 56 59 61 63 64 66 68 69 70 74 75 79 80 82 83 84 88 89 91 92 93 94 95 97 101 105 111 112 114 116 117 118 119 121 122 123 124 125 126 127 128 129 132 134 136 138 140 141 143 144 145 146 147 151 153 154 155 156 158 159 160 161 162 163 164 165 166 168 169 171 172 176 177 178 179 180 181 188 189 190 191 192 193 195 196 197 198
97 1 4 9 15 16 17 27 33 36 49 54 57 68 69 80 84 87 89 91 92 106 107 110 116 121 124 129 134 137 139 156 180 186 191 194 197
98 12 37 127 140 152 158
99 1 2 3 11 17 28 29 35 36 44 54 56 57 63 67 74 75 77 80 81 86 93 94 98 111 113 120 121 125 127 128 130 131 138 139 146 147 148 172 176 178 182 183 185 187 191 194
100 1 4 9 10 13 14 19 22 24 27 36 46 51 63 64 70 76 83 90 97 102 105 110 113 119 124 127 129 131 135 141 143 146 147 148 150 153 160 167 181 183 184 192 194 197 198
101 2 6 7 10 11 12 13 14 15 19 21 22 23 26 27 28 29 30 31 32 33 34 35 36 37 39 41 44 45 46 48 50 52 53 54 56 57 58 59 60 62 67 73 75 76 77 78 80 82 83 85 86 87 88 90 91 92 94 102 105 107 108 109 110 111 112 116 117 118 119 122 123 124 125 126 128 130 133 134 135 136 137 140 143 146 148 149 152 154 155 156 158 161 162 163 165 166 167 170 175 176 178 179 180 181 182 183 185 186 189 192 194 196 199
102 2 6 7 8 9 10 12 13 14 19 20 21 25 28 29 30 31 34 37 40 43 44 47 48 51 52 53 55 56 58 61 63 65 67 70 75 76 78 81 82 83 84 85 86 90 97 98 99 101 103 104 106 107 108 109 110 113 118 119 122 124 127 129 131 132 136 140 141 142 146 148 150 154 155 158 159 160 162 164 167 174 175 183 184 185 189 191 192 193 194 195 197 198 199 200
103 56 140 175
104 10 11 19 25 28 33 34 38 52 56 59 62 65 70 75 80 93 94 95 100 105 106 112 114 117 119 123 125 130 139 144 147 154 155 162 169 173 182 183 184 185 188 193 196
105 7 15 18 20 50 53 56 61 63 67 75 79 82 84 86 90 91 98 101 107 123 127 128 131 136 145 155 170 189 195
106 1 13 23 41 62 64 110 127 134 143 150 154 200
107 2 4 5 11 21 23 25 30 31 34 37 41 45 47 51 53 55 58 59 61 67 68 69 70 72 78 79 82 83 88 90 92 105 106 117 119 120 129 140 144 147 152 154 155 157 164 165 171 174 175 176 178 183 184 186 188 190 192 193 195 197
108 26 28 44 54 86 89 111 133 176 177 199
109 2 5 6 8 9 11 13 14 24 25 26 28 29 30 34 35 36 37 39 45 47 49 53 54 58 59 60 63 65 66 67 70 71 75 79 80 81 87 88 91 95 96 97 98 99 101 103 106 107 108 113 115 117 118 120 122 123 127 128 131 132 133 135 142 143 144 147 148 149 150 153 154 155 159 160 163 164 165 166 167 168 169 170 175 177 178 181 182 183 184 186 188 189 190 193 196 198 199 200
110 4 6 8 9 12 13 15 16 19 20 21 24 25 26 27 28 29 32 34 37 38 42 47 48 50 51 53 56 57 60 62 64 65 67 69 70 71 73 74 76 78 79 80 82 83 86 87 88 89 91 92 95 96 97 99 103 104 105 107 108 111 112 114 116 118 119 123 125 130 131 133 134 136 137 138 139 140 141 142 143 145 146 147 148 149 150 155 156 157 158 159 160 161 162 165 166 169 170 172 175 178 179 180 181 182 184 185 186 187 188 191 192 195 196 197 200
111 3 4 9 14 15 20 22 31 37 40 44 46 52 57 58 64 66 70 74 75 89 91 104 105 113 116 118 126 132 134 136 143 145 148 149 154 156 162 166 168 170 174 175 185 191 192 194 195 198
112 1 2 3 5 6 7 9 10 11 12 13 15 18 20 21 22 26 29 30 31 34 35 36 37 38 39 40 41 43 44 45 46 48 49 51 53 54 56 57 58 59 61 62 63 64 67 68 69 71 75 76 78 80 81 83 84 85 87 91 92 93 94 95 96 97 98 100 101 102 103 104 105 106 107 108 115 119 120 121 122 123 124 125 129 130 131 132 133 134 135 136 138 139 140 142 143 144 147 148 149 150 151 153 154 156 158 159 160 163 165 167 169 170 172 173 174 177 179 181 182 183 184 185 186 187 188 189 190 191 193 194 197 198 199 200
113 40 51 54 55 61 62 81 84 110 122 124 128 134 143 163 164 165 169 174 176 180 187 188 195
114 3 9 10 11 17 20 21 24 31 42 47 48 50 54 56 58 62 66 69 71 75 77 81 82 83 85 90 93 100 102 103 104 113 120 123 124 125 133 134 141 145 146 148 152 153 157 160 163 166 168 169 174 175 177 179 180 193 195 198 199
115 1 3 7 15 16 20 24 26 29 30 31 33 34 35 39 41 42 43 44 48 49 53 57 61 63 66 67 68 69 70 73 75 76 78 81 84 86 87 88 89 91 93 99 103 104 106 116 121 123 125 126 128 132 133 139 142 144 145 146 148 153 154 157 159 162 172 173 174 176 182 185 186 189 192 193 194 196 197
116 3 7 8 10 11 12 13 14 16 19 20 25 26 27 28 32 34 35 36 37 40 41 45 46 51 52 53 54 55 56 61 67 71 75 78 79 81 83 86 88 89 90 91 92 95 96 97 101 102 103 106 108 110 111 113 115 118 119 121 124 126 127 129 132 134 137 139 141 143 147 150 151 153 155 156 158 159 160 162 165 167 169 171 173 177 178 179 181 182 190 193 195 196 200
117 2 12 13 25 26 35 36 42 53 56 57 58 72 81 88 90 95 96 97 103 107 115 116 123 125 127 129 139 145 149 153 154 156 162 165 175 179 180 183 195
118 10 12 17 19 32 33 39 42 54 59 65 68 77 78 82 91 98 99 107 119 121 134 135 138 143 149 152 166 168 171 178 179 193
119 43 64 79 95 117 132 152 161
120 10 20 21 22 24 25 31 32 34 37 41 43 44 47 48 49 52 53 55 56 60 64 66 68 71 72 73 75 77 82 83 85 89 90 91 97 98 101 106 107 108 110 111 112 113 116 124 125 127 131 133 136 141 142 143 146 148 149 150 151 155 158 164 165 166 169 172 173 191 192 193 194 196 197
121 23 44 70 75 76 86 123 126 130 149 168 180 199
122 12 33 35 48 56 69 80 94 115 120 142 146
123 17 54 75 85 87 89 94 117 131 139 150 172 180 187
124 7 9 10 13 16 17 21 24 29 33 41 43 44 48 50 54 69 71 76 81 82 93 97 99 100 113 123 140 142 144 145 150 154 169 171 178 180 182 183 188 190 198 199 200
125 27 67 83
126 1 15 29 34 38 43 51 72 74 83 146 150 178 184 188 189
127 59 77 112 118 133 155 162 173 192
128 1 5 8 14 19 24 25 29 31 32 34 38 40 41 43 46 47 49 50 51 54 56 57 58 59 61 67 68 71 72 76 78 81 85 86 89 94 97 99 100 101 108 109 110 112 120 124 129 131 136 138 143 149 150 151 154 157 161 162 164 170 173 175 178 179 180 183 184 185 186 187 192 196
129 2 5 6 7 8 16 17 19 20 21 22 24 26 27 28 33 35 42 48 49 52 57 58 59 64 69 72 73 74 77 85 94 102 108 110 115 116 120 124 130 139 143 144 146 149 150 153 154 165 168 169 176 179 181 182 184 188 189 198
130 50 160
131 9 10 11 17 19 20 21 22 24 42 46 47 50 54 56 60 63 64 67 69 70 77 78 81 84 90 92 95 96 99 104 107 113 117 118 129 135 136 139 145 148 150 155 164 166 168 169 170 171 174 176 179 186 193 195 198
132 22 40 69
133 6 7 9 26 36 40 52 53 59 61 63 83 127 138 147 157 190
134 32 65 70 75 76 131 133 139 146 152 162 173 177 178
135 1 3 4 7 8 9 11 12 15 17 18 19 20 22 24 25 26 28 29 30 31 32 34 35 36 37 38 39 44 45 47 48 50 51 53 55 56 59 61 63 64 65 66 69 72 74 75 76 78 79 80 81 83 84 85 86 87 90 91 92 96 97 100 101 103 104 106 107 108 111 116 117 118 119 120 122 126 132 134 137 138 140 141 143 144 145 146 147 148 150 152 155 157 158 160 161 162 164 165 166 168 169 170 171 174 175 176 177 178 183 184 185 186 190 196 198 199
136 21 57 65 67 80 82 83 87 102 104 116 133 143 155 160 167 169 171 172 173 176 181 188
137 75 114 147 198
138 24 38 41 46 51 53 85 90 117 129 154 163 165 177 189
139 4 15 16 21 26 29 32 36 45 57 70 72 87 92 96 97 104 107 108 111 115 120 141 151 154 160 161 173 179 184 187 189 197 198 199
140 2 24 27 37 40 47 51 57 59 60 74 76 81 82 85 91 96 113 123 129 131 132 133 134 138 139 142 145 147 152 156 158 162 168 170 176 189 190 195
141 2 4 19 24 32 35 43 45 50 51 56 64 70 71 79 85 89 91 103 112 119 120 121 122 131 133 134 140 142 145 147 148 152 160 168 172 176 180 186 188 192 194
142 40 43 45 48 51 52 54 65 66 69 74 77 79 85 94 98 99 107 115 119 133 153 155 157 170 171 172 173 185 192 194 195 196 198
143 6 50
144 13 18 24 35 37 47 48 58 63 68 70 72 73 81 85 87 88 98 100 102 124 131 134 143 146 157 177 186 200
145 2 5 10 13 21 28 30 43 47 51 56 75 80 92 111 112 115 124 126 132 140 150 154 158 160 166 170 176 186 199
146 24 56 97 114 155
147 3 26 27 46 49 74 93 97 98 101 117 120 121 138 148 152 154 160 176 178 179 181 182 185 194
148 1 3 4 5 6 8 9 10 11 13 14 15 16 17 18 20 21 23 24 28 29 30 32 33 34 36 37 38 42 44 46 49 50 52 54 55 56 57 58 60 61 62 64 65 70 71 73 75 78 81 85 89 90 92 96 97 98 100 101 103 107 108 109 110 111 113 114 115 118 120 121 122 123 124 125 127 131 132 134 136 139 140 142 143 146 149 151 156 157 158 160 161 162 163 164 166 168 169 171 172 174 178 179 180 181 183 184 185 187 188 190 192 197 198 199
149 1 2 4 5 7 9 11 12 14 16 17 22 23 24 25 26 27 29 30 31 33 34 35 36 37 38 39 40 42 43 44 46 47 50 51 53 56 57 58 59 60 61 62 63 64 66 67 68 69 70 72 74 76 78 79 80 81 83 85 86 87 90 91 93 94 95 96 97 99 101 104 105 106 107 108 109 111 112 113 115 116 117 118 120 121 122 123 124 125 126 127 128 129 130 131 132 133 134 135 136 137 138 139 140 141 142 143 144 145 146 150 151 152 153 154 156 158 159 160 162 165 166 169 170 171 172 173 174 175 177 178 179 180 182 183 184 186 187 188 191 193 194 195 196 198 199 200
150 18 21 33 39 40 59 62 66 71 91 102 103 128 142 144 148 152 160 178 184 192
151 1 2 4 5 6 7 8 10 17 24 25 27 28 29 30 34 35 36 38 63 69 71 75 81 83 84 87 88 93 102 104 111 114 115 125 129 132 135 138 142 144 152 157 158 161 162 164 166 169 172 174 182 185 189 192 195 197 198 199 200
152 3 12 54 58 61 70 77 139 157 173 174 187 199
153 33 44 54 57 65 68 77 87 101 108 109 113 131 133 156 160 172 177
154 2 25 33 49 52 57 60 61 71 86 105 135 136 142 149 177 180 186 197
155 3 4 8 9 10 14 16 19 22 26 27 28 31 32 33 34 37 39 42 48 49 50 51 58 61 63 65 68 69 71 72 74 75 77 79 81 83 84 85 87 89 91 92 93 95 96 98 100 101 102 108 113 114 119 122 125 127 128 129 131 132 134 136 139 141 143 146 147 148 149 154 159 162 163 165 168 170 171 172 173 175 176 177 178 179 180 182 183 184 185 187 188 190 194 196 199 200
156 1 2 3 4 6 8 9 10 11 12 13 14 15 17 19 20 24 25 26 27 28 29 30 32 33 37 38 42 43 45 47 50 51 53 55 56 57 64 68 69 70 71 73 74 76 78 79 80 81 82 83 84 85 87 88 89 90 91 92 94 96 98 99 100 104 105 108 111 112 117 119 120 121 122 124 131 132 133 135 137 140 143 145 148 149 150 151 152 157 158 160 163 165 168 169 170 172 173 177 179 181 186 187 189 190 191 192 194 195 196 198
157 3 7 32 40 59 60 65 71 87 88 91 93 101 107 109 110 112 117 129 130 134 151 158 159 173 180 192
158 1 3 8 22 29 30 33 51 52 56 62 63 71 72 78 82 93 94 95 102 107 108 117 127 129 132 136 152 153 154 155 160 169 171 175 179 183 188 189 191 192 193 200
159 1 2 12 16 18 21 24 31 33 45 49 53 58 59 68 69 74 76 81 87 89 91 96 110 116 124 125 127 131 137 139 140 144 148 150 152 157 158 162 166 167 178 180 186 188 189 194 196
160 20 30 33 56 89 91 93 94 104 105 108 112 114 115 117 124 128 137 142 152 168 182 192 194
161 2 5 8 9 11 13 15 16 25 32 37 48 50 55 56 59 60 72 74 87 100 109 115 120 121 125 128 129 140 143 144 149 150 152 154 159 166 167 179 181 192 194 197 200
162 3 5 6 9 15 16 25 32 38 39 40 42 44 47 48 51 53 54 55 57 63 65 67 69 70 71 72 73 75 80 82 85 87 90 99 108 111 114 118 122 126 127 133 139 141 142 150 151 153 154 155 156 163 171 174 178 180 181 186 191 195 198
163 72 89
164 1 3 4 5 8 9 10 11 13 14 15 16 17 18 20 22 23 24 26 27 29 31 32 34 35 36 37 39 41 42 43 44 46 47 50 51 52 53 55 58 59 60 61 62 64 66 68 69 70 73 74 75 76 77 78 79 80 81 82 83 85 86 88 89 90 91 93 94 95 96 98 99 100 101 104 105 106 107 108 109 110 111 112 114 118 119 120 121 124 125 129 130 131 132 133 134 135 136 138 140 143 144 145 146 147 148 150 152 154 155 156 159 160 161 162 165 166 168 169 170 171 172 173 175 176 178 180 182 183 185 186 188 189 190 191 192 193 196 198 199
165 1 7 12 13 21 27 30 36 37 39 41 42 43 44 51 53 55 64 66 69 70 71 74 78 79 88 92 97 100 102 105 108 110 113 114 116 121 127 129 133 134 135 139 151 153 156 157 158 159 160 169 173 176 177 178 180 184 191 192 193 196 199 200
166 1 33 53 114 163
167 2 4 11 12 15 18 22 25 27 28 29 30 33 40 44 53 58 63 65 67 69 71 75 77 81 82 83 84 86 91 96 100 104 107 108 117 119 121 122 123 124 125 129 133 135 137 138 140 145 146 147 151 154 159 161 164 166 168 171 174 175 177 178 179 182 184 185 186 187 191 196 198 199 200
168 27 76 100 114 174
169 1 2 3 6 7 8 9 10 12 13 16 17 18 20 21 22 23 24 30 33 35 37 38 39 41 42 43 44 45 46 47 48 50 52 53 54 55 56 57 60 62 63 64 65 66 67 68 70 72 74 75 76 77 78 79 80 81 82 84 85 89 91 92 93 94 95 96 97 98 101 102 103 104 107 108 111 112 113 114 115 118 120 121 123 124 125 128 129 131 132 133 134 135 136 137 138 139 141 144 145 146 149 150 151 152 153 154 155 156 157 159 160 161 162 163 166 167 168 173 174 176 177 179 181 182 183 184 185 186 189 190 191 192 193 194 195 197 198 200
170 3 7 24 25 26 28 29 39 43 52 59 62 72 78 81 84 88 89 93 94 99 104 107 113 123 124 128 152 166 174 175 180 181 183 185 189 195
171 2 4 5 7 10 12 14 16 19 20 22 24 25 26 28 30 31 32 34 35 38 40 42 43 44 47 48 51 53 54 55 59 60 65 67 69 70 73 74 76 77 80 81 82 83 84 85 89 91 96 97 98 102 103 104 105 107 108 109 111 112 117 118 119 120 121 124 129 132 133 135 136 137 139 141 142 143 144 145 148 150 151 152 153 155 158 161 162 164 165 166 167 168 172 173 174 175 177 178 179 180 181 183 187 188 190 194 196 197 198 199
172 2 12 24 28 43 48 56 76 109 121 141 153 190 197
173 1 5 6 7 8 10 11 12 13 14 15 16 17 20 23 24 25 26 29 31 32 34 38 39 40 41 43 44 46 47 48 55 56 59 60 62 64 65 66 67 68 69 71 72 74 75 77 78 79 80 86 87 88 90 91 95 97 102 103 106 108 109 110 113 114 115 116 117 119 120 122 123 124 126 128 130 131 136 137 139 140 143 144 145 147 148 149 150 151 152 153 154 155 156 158 159 161 163 164 165 169 170 171 172 175 176 178 179 180 181 182 183 185 186 187 188 189 190 192 193 196 199 200
174 1 2 3 4 6 7 8 10 11 12 15 16 17 18 21 22 23 24 25 26 27 28 29 31 32 33 34 35 36 37 38 39 42 46 47 48 49 50 51 53 54 55 56 57 58 59 60 61 63 64 65 66 67 68 69 70 72 75 77 78 79 80 81 82 84 85 86 90 93 94 96 99 101 102 103 104 106 110 111 113 114 115 118 125 126 127 128 129 130 131 132 133 136 137 139 147 148 149 151 155 156 157 160 161 162 163 164 166 167 168 169 172 175 179 180 181 185 186 189 190 191 192 193 194 195 196 197 199
175 27 31 48 67 117 138
176 1 3 5 14 17 21 27 45 54 63 65 71 73 75 76 80 86 99 104 106 119 121 127 138 153 157 158 163 186 196
177 69 83 169 182 197 198
178 1 2 3 4 5 6 8 9 12 13 16 17 18 19 21 22 24 25 27 28 30 31 32 34 36 37 38 39 41 43 44 45 46 47 48 53 54 55 57 58 59 64 66 68 69 70 72 74 75 80 81 82 83 84 85 86 88 89 91 93 94 95 96 97 98 100 101 102 103 104 105 106 107 108 109 110 111 112 113 117 119 120 123 124 126 127 128 129 130 131 132 133 134 136 139 140 144 145 148 149 150 152 153 154 156 157 158 159 162 164 167 170 171 172 173 174 175 176 177 179 181 182 183 184 186 187 188 189 190 192 193 196 197 198 200
179 1 3 7 8 10 12 13 14 15 17 18 20 22 25 26 29 31 33 36 37 39 43 47 48 52 56 57 59 60 61 62 64 65 66 67 68 71 72 73 75 78 82 86 89 90 91 92 93 98 99 102 105 106 109 112 115 116 119 120 121 127 131 133 135 137 138 141 142 145 148 149 151 153 157 159 160 162 163 164 165 170 172 173 175 178 180 182 183 187 190 191 194 195 196 197 198 200
180 45 92 100 189 193 200
181 1 2 4 5 6 7 8 10 12 15 16 17 18 19 21 22 23 24 25 26 28 31 32 33 37 39 40 41 44 49 52 53 54 55 56 57 59 60 61 62 63 65 66 67 68 72 74 75 76 77 81 82 85 86 88 89 90 91 92 95 96 98 101 102 105 106 108 109 110 111 112 113 115 116 119 120 122 125 128 129 130 132 137 142 144 145 146 147 150 151 152 154 156 164 165 166 167 168 172 173 174 176 177 178 179 180 182 183 184 185 187 188 189 192 193 194 196 197 198 200
182 2 14 37 40 43 58 60 62 64 67 73 89 91 102 107 128 130 138 146 150 151 159 161 165 167 171 172 173 175 179 186 188 189 193 199 200
183 5 6 7 12 16 18 20 25 29 30 31 37 41 47 48 50 54 56 60 61 66 68 69 72 76 77 82 83 84 85 86 89 91 93 97 98 106 108 109 110 113 116 118 119 120 122 124 125 130 135 142 143 151 159 160 170 172 173 175 176 177 184 185 187 188 190 194 197
184 2 3 4 7 8 9 13 16 18 19 21 22 23 24 25 26 27 29 30 33 34 36 37 38 41 43 46 47 50 52 53 54 55 57 59 62 64 65 67 68 69 71 72 73 74 75 76 78 81 83 84 85 86 87 89 90 92 93 94 95 96 97 99 100 101 102 106 107 108 113 114 116 119 120 121 122 124 125 126 127 128 133 134 137 138 139 140 143 146 149 151 152 153 156 157 158 160 161 164 165 166 167 168 170 172 177 178 179 180 181 182 187 188 190 191 192 193 194 196 197 199 200
185 93 143 157 176 187
186 12 195
187 1 2 3 4 7 13 17 18 19 20 24 25 26 27 29 30 32 35 36 39 43 44 49 51 52 54 56 57 59 60 62 63 67 68 69 70 72 75 76 77 78 80 81 82 83 85 86 87 88 90 93 94 95 97 98 99 101 103 106 109 110 111 112 114 115 122 123 124 126 128 129 130 134 135 138 140 142 143 147 149 150 151 153 156 163 165 167 182 184 188 192 199
188 1 4 5 7 10 12 16 17 19 20 22 23 24 26 28 29 30 31 33 34 35 36 39 40 41 42 44 45 48 50 54 57 59 60 61 62 64 66 70 71 76 79 80 83 85 87 91 93 96 97 99 100 101 102 104 105 106 108 109 111 118 122 123 124 127 128 130 132 133 134 135 136 137 138 145 146 147 148 151 152 153 156 157 158 159 160 164 165 168 169 174 176 177 178 179 180 183 184 185 190 191 192 194 195 196 197 198 200
189 26 33 37 46 63 67 72 97 102 107 113 137 138 140 172 183 184 186
190 23 38 39 41 47 50 52 56 59 60 61 74 88 92 94 98 116 123 126 141 147 154 166 167 169 173 175 176 187 188 194
191 91 148 171 178
192 2 23 28 29 37 41 44 46 56 60 88 91 101 121 136 139 141 146 157 158 159 163 167 169 172 177 185 186 190 196 199
193 5 6 8 9 11 12 13 14 16 21 22 25 27 32 35 43 44 46 47 48 49 53 58 59 62 63 64 65 68 77 79 81 83 84 86 87 88 90 92 94 99 104 105 108 110 111 113 115 118 120 123 124 127 128 133 134 142 144 152 155 159 162 163 166 167 170 175 177 179 183 185 189 191 192 195 199
194 24 28 33 37 40 41 42 44 48 49 56 67 72 83 85 88 93 102 107 109 113 119 122 128 133 135 138 142 144 145 161 165 168 169 173 184 195 198
195 62 84 90 95 100 143 152 164 168 172 178 199
196 8 27 30 33 34 71 78 82 97 99 101 111 119 128 138 161 162 169 170 171 176 179 197 200
197 1 2 5 9 13 14 21 22 28 29 31 35 45 52 53 55 60 61 62 64 76 77 79 80 81 85 88 89 90 91 92 93 94 96 100 101 102 108 110 119 121 123 128 130 134 141 142 145 148 150 155 158 160 162 163 171 173 174 175 179 184
198 3 46 48 67
199 13 19 21 22 30 34 39 42 43 53 59 65 66 67 81 82 89 102 106 124 125 128 131 139 140 141 142 149 151 152 155 156 161 171 172 181 193 200
200 2 11 13 16 30 33 39 44 49 63 65 66 67 69 71 72 75 78 79 82 85 93 96 100 105 107 112 114 117 123 124 125 133 141 143 144 147 149 153 155 156 157 160 162 164 167 168 171 176 186 187 190 193 197
