1 3 6 10 12 13 14 16 17 20 22 23 26 27 33 35 37 40 41 43 46 47 48 50 55 56 61 63 65 73 74 75 77 79 82 83 84 88 92 93 94 97 98 99 102 104 107 109 112 114 115 116 118 119 120 121 122 123 124 132 135 136 139 143 152 154 156 157 159 161 163 164 166 169 176 177 178 180 182 184 185 188 194 195 198 200 201 206 207 209 210 213 216 217 220 221 222 226 228 229 231 234 235 239 241 243 246 247 248 249 251 255 256 257 258 259 260 263 264 265 266 269 270 271 272 276 277 278 281 282 283 285 288 290 298 299
2 6 8 12 24 50 51 52 57 62 63 73 78 81 103 104 105 110 113 119 131 132 161 165 173 174 188 190 197 198 203 204 207 214 222 227 229 243 245 249 251 258 261 270 277 279 287 293 294 300
3 4 6 8 10 11 13 14 17 19 24 27 28 29 31 32 33 35 36 37 39 40 42 43 44 48 51 52 53 54 55 56 57 58 60 61 62 65 66 67 68 70 71 72 74 77 78 80 82 84 89 91 92 93 95 96 97 99 100 101 102 104 105 106 107 108 109 111 112 113 115 116 117 118 119 120 121 123 127 128 132 133 134 136 137 138 139 144 145 150 152 153 154 156 157 159 160 161 163 165 166 167 170 176 177 179 182 184 185 188 189 190 192 194 195 196 197 198 199 205 206 207 208 209 210 211 214 216 217 218 219 224 225 226 227 228 229 230 231 232 234 236 237 243 245 246 247 248 251 253 254 256 259 260 263 264 266 267 268 270 271 272 276 277 278 279 280 281 282 283 286 288 289 290 292 293 294 295 296 298 299
4 2 28 30 41 50 83 88 96 111 134 145 152 155 164 185 189 194 213 245 254 267 272 280 300
5 1 6 11 16 22 24 28 29 30 33 35 36 37 38 39 43 44 52 54 57 58 61 62 63 66 67 73 76 80 82 85 87 91 92 94 97 100 101 114 115 116 123 126 131 132 134 139 143 144 148 149 154 158 163 165 167 169 183 189 190 191 193 199 203 204 205 209 212 213 216 229 231 235 237 245 247 251 255 257 259 265 271 273 275 276 280 281 285 291 292 294 295 296
6 21 25 45 78 152 197 299
7 5 21 23 35 36 46 58 67 84 102 123 136 167 176 181 194 204 209 222 229 238 246 275 282 285 286
8 6 9 13 19 27 44 45 46 49 53 57 61 90 103 106 107 113 131 137 139 143 146 155 158 165 185 193 197 200 202 214 216 218 221 222 227 250 263 277 279 282 283 290 293 297 298
9 10 13 32 36 44 48 49 54 66 70 73 81 84 88 93 96 106 110 116 129 133 136 142 143 156 165 167 188 189 191 200 205 214 216 217 235 236 242 244 252 254 272 285 293 300
10 1 2 3 4 5 6 7 8 9 11 12 13 14 15 16 17 18 19 20 21 22 23 24 26 27 28 29 31 32 33 34 35 36 37 39 41 42 43 44 45 46 47 48 49 50 52 53 54 55 56 58 59 62 63 64 65 66 67 68 69 71 72 73 74 75 76 77 80 81 82 83 84 85 86 87 88 89 90 93 94 96 97 99 100 101 102 104 105 106 110 111 112 113 114 115 116 117 118 119 120 121 122 124 125 129 130 131 132 133 134 135 136 137 140 141 142 143 144 145 146 147 148 149 151 152 153 154 155 157 159 161 162 163 164 167 168 169 170 171 172 173 174 176 177 178 179 180 181 183 184 185 186 187 189 190 191 193 194 195 196 197 199 200 201 202 204 205 206 207 208 209 210 213 214 216 219 221 222 223 224 226 227 228 230 231 232 233 235 236 237 238 239 240 241 242 243 244 245 246 247 249 250 252 253 254 255 256 257 258 259 261 263 264 265 266 267 268 269 271 274 275 276 277 278 279 280 281 282 284 285 287 288 289 292 293 294 295 296 297 298 299
11 24 31 60 66 107 157 161 185 197 258 285
12 1 3 4 5 6 7 9 11 13 14 15 16 17 18 19 20 21 22 23 24 25 26 28 29 30 31 32 33 34 35 37 39 40 41 42 43 44 45 46 47 49 50 51 52 53 55 56 57 58 59 60 61 63 64 65 66 67 69 71 73 74 75 76 77 79 81 82 83 85 86 87 88 89 90 91 92 93 94 96 97 98 99 100 101 102 104 105 106 108 109 110 113 115 116 119 121 122 123 124 125 126 128 129 130 132 133 135 136 137 138 139 141 143 144 145 148 149 150 151 153 155 156 159 160 161 162 165 167 169 170 171 172 174 175 176 177 178 179 182 184 185 186 187 188 191 192 193 194 195 196 197 199 200 201 202 205 206 208 209 210 211 212 213 214 215 218 219 220 221 223 224 225 226 227 228 229 230 231 232 233 235 236 237 238 239 240 241 242 243 244 245 246 247 250 251 252 256 257 258 260 261 265 266 270 273 277 280 281 282 283 284 286 287 288 289 290 291 292 293 295 299 300
13 8 57 61 79 90 154 172 189 227 231 248 278
14 10 19 24 33 81 143 199 239
15 1 2 3 4 6 8 16 17 19 20 24 26 29 30 32 33 35 40 41 49 50 55 57 59 61 64 65 68 69 77 79 80 83 84 85 87 89 96 99 102 104 105 107 114 115 121 123 125 127 129 133 134 135 138 140 143 145 148 161 163 170 181 185 197 202 203 208 209 215 220 221 223 226 229 231 240 249 250 252 255 257 258 263 272 273 275 276 280 281 285 294 295
16 2 3 4 5 6 9 10 11 12 13 14 15 17 18 19 20 21 22 23 24 25 27 28 31 33 35 36 37 38 39 40 41 42 43 44 45 46 47 48 49 50 51 52 53 54 55 56 58 59 60 61 62 63 64 65 66 67 68 69 71 72 74 75 76 77 78 79 80 81 82 83 84 85 86 87 88 90 92 93 94 96 97 98 99 100 101 102 103 105 108 109 110 111 112 114 115 118 119 120 121 122 123 124 125 126 127 128 129 130 131 132 133 134 135 136 137 138 139 140 142 144 146 147 148 149 150 152 154 155 156 157 159 160 161 162 164 165 166 168 172 173 175 176 177 178 179 180 181 182 183 184 186 187 188 189 190 191 192 194 195 196 197 198 199 200 201 202 203 204 205 208 210 211 214 215 216 217 218 219 220 221 222 223 224 225 226 227 229 230 231 233 235 237 238 240 241 242 243 244 246 247 248 249 250 251 252 253 254 255 256 257 260 261 262 263 264 265 266 267 270 271 272 273 274 275 276 277 279 281 282 283 284 286 287 288 289 290 291 292 295 296 298 299
17 129 184
18 1 3 6 13 16 25 26 27 36 37 38 44 46 47 49 51 52 55 56 57 58 60 61 63 64 66 69 70 73 74 75 79 80 81 82 84 86 88 89 96 99 101 103 104 105 110 117 118 119 120 122 123 124 128 130 131 132 134 135 140 143 145 146 149 151 152 155 156 157 159 160 161 162 163 164 165 166 167 170 173 174 175 179 181 183 185 186 187 188 190 191 196 198 199 200 203 205 206 210 211 212 213 214 217 225 226 227 228 229 233 234 237 238 242 245 246 247 248 249 250 255 256 261 265 266 269 270 272 276 277 278 282 283 284 287 288 292 295 298
19 30 64 65 82 84 92 109 125 142 149 180 189 192 206 207 212 219 229 233 235 256 258 286 295
20 1 2 3 5 7 8 9 10 11 12 13 14 15 17 18 19 21 22 25 27 29 33 35 36 37 39 40 41 42 43 44 45 46 47 48 49 50 52 54 55 56 57 60 61 62 63 65 66 67 68 69 70 71 72 73 74 75 76 77 78 79 80 81 82 83 84 85 86 87 88 89 91 92 95 96 97 98 99 100 101 103 104 106 108 110 111 112 114 115 117 118 119 120 121 122 123 124 126 127 129 132 133 135 136 137 138 139 140 142 143 144 145 146 149 150 151 152 153 154 155 161 162 163 168 171 172 173 174 175 176 179 180 181 186 187 189 191 192 193 194 195 197 198 199 200 201 202 203 204 205 206 207 209 210 211 213 214 216 217 219 222 224 225 226 227 228 230 231 232 234 238 240 242 243 244 245 246 248 249 251 252 253 254 258 259 260 261 262 265 267 268 269 270 271 272 273 274 276 277 278 279 281 285 286 290 291 293 295 296 299
21 2 4 7 8 10 12 14 20 22 23 32 37 38 40 41 43 44 45 46 47 49 50 51 52 53 54 55 56 57 58 59 61 62 63 65 66 67 68 69 70 71 74 76 77 86 89 92 93 97 102 103 106 107 108 111 112 113 114 116 117 118 119 120 122 126 128 129 135 137 140 142 144 146 152 153 157 158 160 161 162 164 166 167 168 169 175 176 177 183 185 186 187 188 190 191 192 193 194 198 199 200 202 207 208 213 214 215 217 220 222 226 228 229 232 233 234 238 239 241 242 245 248 250 253 254 255 256 257 258 259 261 266 271 273 276 280 284 286 291 292 293 298 300
22 2 3 6 21 27 31 47 48 56 57 58 63 73 75 76 81 84 86 87 93 124 126 133 136 138 141 147 149 157 172 184 186 187 206 215 220 221 256 260 278 279 293
23 2 13 24 34 42 43 46 50 53 54 58 59 75 81 91 111 124 126 135 136 138 140 142 149 153 154 157 169 180 186 187 200 202 203 204 211 213 223 226 233 242 247 253 255 259 261 262 267 269 280 282 289 295 299
24 57 61 92 118 129 199 205 285 288 298
25 43 53 67 72 88 89 117 177 219 239 260 274 277
26 1 4 6 12 15 17 18 21 27 29 30 34 35 37 42 43 48 49 57 62 69 77 78 80 85 88 89 93 97 99 100 101 103 111 116 117 120 121 125 128 130 137 139 140 151 152 165 170 174 178 183 184 200 202 208 212 213 215 218 220 222 225 226 229 238 242 244 245 254 257 258 260 271 273 276 284 289 296
27 1 2 3 4 5 9 10 11 12 13 14 15 16 17 18 19 21 22 23 25 26 28 30 31 32 33 34 35 36 37 38 40 41 42 43 44 45 46 48 49 50 52 53 54 56 57 58 59 60 61 62 64 66 67 68 71 72 73 74 76 78 79 81 83 84 85 86 87 88 89 90 91 92 93 94 95 97 98 99 100 101 102 103 105 106 107 108 109 110 111 112 114 115 117 118 119 120 121 122 123 124 125 127 129 130 133 136 137 138 139 140 141 142 143 144 145 146 147 148 149 150 153 154 155 156 157 158 159 160 161 163 164 165 166 167 168 169 170 171 172 173 176 177 178 181 182 183 185 187 188 189 190 191 192 194 195 196 197 199 200 202 203 204 205 206 207 208 210 211 212 215 217 218 219 220 221 222 223 224 225 226 227 228 229 230 232 233 235 239 240 243 244 246 248 249 250 251 254 255 256 257 258 259 261 262 264 265 266 269 270 271 272 277 278 279 280 281 283 284 285 286 287 288 290 291 294 295 296 297 300
28 13 30 99 145 181 192 193 201 230 259 266 269
29 8 16 18 19 20 24 28 30 33 36 43 49 54 58 61 65 66 67 69 72 82 97 98 101 104 105 113 121 124 127 129 132 138 140 145 147 148 149 154 155 163 168 169 172 174 175 178 186 187 190 193 198 199 200 201 207 208 210 218 226 231 232 233 235 236 239 241 244 247 249 251 256 261 262 264 271 277 284 292 299 300
30 23 35 44 59 60 77 80 81 82 90 96 138 143 164 182 201 204 218 230 250 260 265 276
31 8 9 10 15 16 18 22 26 28 34 37 38 41 42 45 51 52 55 56 57 64 65 66 68 75 76 77 84 85 91 93 94 98 104 108 111 112 114 115 120 124 125 133 138 145 148 152 155 156 179 188 189 191 192 193 198 200 202 209 212 216 217 221 224 226 229 234 236 238 240 241 247 249 253 254 262 273 276 283 285 287 289 291 293 297 298
32 1 2 3 5 6 10 11 12 14 17 18 19 23 24 25 28 31 34 35 36 37 38 40 41 42 44 45 47 48 49 50 51 54 58 59 60 63 64 66 68 69 72 73 75 76 78 80 82 83 85 86 87 88 89 90 91 92 93 95 97 99 100 101 102 103 105 106 108 109 113 114 115 117 121 123 125 127 128 129 131 135 136 138 140 143 144 145 146 147 150 151 152 153 154 156 157 158 161 164 165 167 168 170 171 173 175 176 177 179 181 184 186 189 190 192 193 195 196 197 198 202 207 209 210 213 215 216 218 219 221 222 223 226 228 229 231 232 236 237 238 239 240 243 244 245 246 249 250 251 253 255 256 259 263 264 266 267 268 269 271 274 278 279 280 285 286 287 290 292 294 295 297 299
33 2 6 18 22 34 60 67 75 114 122 142 151 154 161 165 173 175 225 259 264 268 280 285 287 289 299 300
34 1 2 3 4 6 10 12 13 16 17 18 19 20 23 24 25 27 29 30 35 37 38 40 41 42 43 44 46 49 50 51 54 55 56 58 60 62 63 65 66 67 71 72 73 75 76 78 79 82 85 87 89 90 91 92 93 94 96 98 99 101 102 103 104 107 108 109 110 111 113 118 119 120 122 124 125 126 127 128 130 131 132 133 134 135 137 138 140 141 143 145 147 149 151 153 154 157 158 159 160 163 165 166 170 171 172 173 174 175 176 178 179 181 182 183 185 186 187 188 189 190 191 192 193 194 195 196 198 199 200 201 202 203 205 206 211 213 214 217 218 219 221 222 223 224 225 226 227 228 229 231 232 233 234 235 236 238 240 241 242 243 244 245 246 247 248 249 251 252 254 255 257 259 260 263 264 265 267 268 269 270 271 272 273 274 276 277 278 279 280 281 283 286 287 288 289 291 292 293 295 298 299
35 3 4 6 8 9 10 12 13 14 15 18 19 20 21 22 23 26 27 28 29 30 31 34 36 37 38 40 41 42 43 44 46 47 49 50 51 54 55 56 57 59 61 63 65 66 67 73 74 75 76 79 80 82 84 85 86 87 92 95 97 98 99 100 102 104 106 109 110 111 112 113 114 116 118 119 120 123 124 125 126 127 129 131 132 133 134 135 137 138 141 142 143 147 148 149 150 151 152 153 154 156 157 159 161 162 163 166 168 170 174 175 179 180 182 183 185 191 192 193 195 197 198 199 200 201 204 206 208 209 210 211 212 213 215 216 217 218 221 222 224 227 228 229 230 232 237 241 242 244 245 247 248 249 251 252 256 258 259 260 261 263 264 265 270 271 274 275 280 282 285 287 288 289 290 291 293 294 295 297 298 299 300
36 1 4 8 11 12 15 18 19 20 21 24 29 31 34 43 46 47 48 50 51 53 57 58 59 62 63 64 66 70 73 75 79 80 83 88 93 96 97 99 101 105 106 107 114 117 118 122 125 126 128 133 134 137 138 139 140 143 144 145 147 148 149 150 151 152 153 154 155 156 157 158 159 160 163 166 168 169 170 175 177 179 180 182 183 187 189 193 195 197 198 201 202 209 210 213 214 215 217 218 219 221 225 226 228 235 238 241 242 243 245 246 247 250 252 257 258 260 262 264 268 270 272 273 274 276 280 282 283 284 286 287 288 289 290 291 292 293 294 296 297 298 300
37 2 6 7 8 9 10 11 12 13 14 15 16 17 18 19 20 21 24 25 27 31 33 34 35 36 40 41 43 44 47 50 52 53 55 56 57 59 61 63 64 65 69 71 72 74 75 76 77 78 79 80 83 84 85 87 88 89 92 94 95 97 99 100 101 102 103 104 106 108 109 110 114 115 116 117 118 123 124 128 130 131 132 133 135 139 140 141 142 144 145 146 148 151 152 153 154 155 156 157 159 160 161 163 164 165 168 169 172 173 175 177 178 179 182 183 184 185 187 188 189 190 191 194 195 196 203 204 206 207 208 211 212 213 215 216 218 219 221 223 224 226 228 231 232 233 234 237 240 241 242 244 248 249 250 251 252 253 258 259 260 261 262 264 266 267 268 269 273 274 275 276 279 280 286 287 288 289 290 291 292 294 295 298
38 1 2 3 5 6 7 10 11 12 13 16 17 18 20 26 28 29 33 37 41 42 44 46 47 48 49 51 52 54 55 56 58 60 67 69 72 74 75 78 87 88 91 93 95 97 98 99 100 101 102 104 107 109 111 116 117 120 122 123 124 131 132 136 137 140 141 143 144 145 146 151 154 155 156 157 158 162 163 164 166 167 173 175 176 177 178 181 185 186 189 192 193 195 198 199 200 202 204 207 208 210 211 213 215 216 221 222 223 225 228 235 239 241 245 247 248 249 252 254 256 257 259 261 264 265 268 269 272 273 280 281 282 283 284 286 288 289 290 291 293 294 295 298 299 300
39 8 14 20 21 28 58 61 63 89 102 103 113 133 139 140 141 147 148 155 156 161 169 179 182 188 192 205 212 214 222 223 231 234 255 262 280
40 7 10 22 24 30 38 41 44 58 61 62 63 66 67 77 79 81 91 94 106 109 111 121 125 126 136 139 142 143 144 153 154 156 157 163 167 169 179 185 190 192 193 197 201 205 207 220 225 233 240 242 256 263 264 265 266 282 288 293 296 297
41 2 3 4 6 9 10 11 12 13 16 18 20 22 23 24 27 30 32 36 40 43 44 47 49 50 55 60 61 65 66 67 73 75 76 78 80 83 84 86 88 91 94 95 96 97 100 101 104 105 108 109 114 115 116 118 121 127 128 130 137 139 143 144 146 149 152 153 159 161 162 164 165 166 169 171 172 174 177 178 182 185 189 191 194 196 199 200 202 206 208 209 210 211 212 214 216 217 218 226 232 235 237 238 239 244 245 247 250 253 254 256 258 259 266 267 270 272 274 275 278 279 283 286 288 292 293 298
42 1 3 4 5 6 8 11 12 13 14 15 17 18 19 20 21 22 23 24 25 26 28 29 30 31 32 33 34 35 38 40 41 43 44 45 46 47 48 50 51 52 53 54 55 57 58 59 60 62 63 64 65 68 69 73 74 77 78 79 81 82 84 85 86 87 88 89 90 91 92 93 95 96 97 98 99 100 101 102 104 106 107 108 109 110 111 112 113 114 115 116 117 118 119 120 121 122 123 124 126 127 128 129 130 131 132 133 134 135 137 138 139 140 141 142 143 145 146 148 149 150 151 153 154 155 156 157 160 161 162 164 165 166 167 168 169 170 171 173 174 175 176 177 178 179 180 181 182 183 184 185 187 188 189 190 191 193 194 195 196 197 198 199 200 201 202 203 204 206 207 208 209 210 211 212 213 214 216 217 218 219 220 221 222 223 224 225 226 227 228 229 231 233 234 235 236 237 238 240 241 242 243 244 245 247 248 249 251 252 254 255 256 257 258 259 260 261 263 266 267 268 269 270 271 272 274 275 276 277 278 279 280 282 283 284 286 287 290 291 292 293 296 297 298 299 300
43 11 53 73 163 170
44 1 5 8 14 17 20 25 26 28 42 49 52 59 61 72 80 84 89 91 92 93 98 107 109 119 122 124 127 129 136 140 143 144 151 156 158 162 164 168 174 178 183 184 186 189 195 200 211 221 222 227 233 240 246 257 258 259 261 263 268 272 281 283 284 290 296 297
45 6 7 10 13 15 17 18 33 51 56 57 60 61 62 66 67 69 71 73 74 76 80 82 88 95 101 104 118 120 122 123 124 125 126 127 129 136 157 158 160 167 185 187 196 205 206 207 208 219 225 233 236 237 239 240 244 251 252 254 257 258 264 283 284 291 292 294
46 5 7 8 11 14 15 16 18 19 22 24 25 32 35 37 43 54 59 60 63 68 73 74 75 80 95 99 100 102 112 118 122 126 127 131 133 134 137 139 141 146 150 153 158 159 163 178 180 181 185 186 187 192 194 200 201 209 211 214 216 219 222 231 232 233 237 239 240 242 244 253 254 259 263 265 266 269 270 274 275 279 283 286 287 290 294 296 299
47 4 19 124 130 167 209 221 245 260 274 285
48 3 8 10 11 12 14 17 18 20 25 26 30 37 38 39 42 46 51 61 66 69 70 74 78 81 82 84 92 93 96 97 98 100 103 104 111 112 113 115 121 124 126 127 128 130 131 136 139 142 144 146 148 151 155 160 164 165 172 174 175 176 177 179 181 183 184 186 189 195 198 201 202 203 204 205 206 207 208 209 210 220 222 233 235 237 238 239 243 247 250 252 254 256 259 263 266 268 269 276 277 278 279 280 283 288 290 295 296 297
49 18 28 83 135 155 164 205 208 286
50 2 10 23 27 29 30 36 37 46 47 57 60 62 70 78 79 82 96 98 101 104 106 107 108 110 114 115 122 127 129 133 134 135 143 152 162 177 202 206 208 226 228 230 238 239 247 251 283 297
51 2 3 4 5 6 7 10 11 12 14 16 17 21 23 26 28 33 34 36 39 42 43 44 49 52 53 54 55 57 58 60 64 65 66 67 68 72 73 74 75 76 77 83 84 86 89 90 93 94 97 101 102 104 106 107 108 111 112 113 114 116 117 119 123 125 127 128 129 131 133 134 135 136 137 140 142 144 145 146 148 149 150 151 152 153 154 158 160 162 163 164 165 168 169 171 172 175 178 183 184 186 187 188 191 192 193 194 196 197 198 199 200 201 202 203 204 205 206 207 208 210 213 215 216 218 220 221 222 225 226 229 232 233 234 236 237 238 239 240 241 242 243 244 245 249 252 253 256 257 258 259 263 265 267 268 271 272 273 275 276 277 278 280 284 286 287 290 292 293 295 296 297 300
52 9 11 12 19 22 38 39 57 63 67 70 72 76 85 97 117 134 136 146 147 148 150 158 162 164 168 185 194 197 205 228 239 242 244 250 258 266 268 273 276 282 286
53 8 10 20 35 50 54 59 63 65 67 70 72 73 89 90 91 93 106 107 111 114 121 123 128 130 135 136 139 143 148 154 159 172 177 179 184 209 220 225 227 243 245 252 260 264 269 271 272 273 275 278 280 282 287 298
54 5 9 14 16 18 19 25 27 32 39 50 51 56 66 68 69 73 75 77 81 84 90 102 108 115 120 127 132 141 148 150 155 157 163 164 168 172 185 187 192 194 197 206 212 213 214 215 216 218 221 222 225 229 230 231 233 234 236 245 246 247 249 251 252 255 258 259 265 267 271 280 288 289 290 296
55 23 267
56 1 2 3 4 5 6 7 10 12 13 14 15 16 17 18 19 20 21 22 23 24 25 26 27 28 29 30 31 32 33 34 35 36 37 39 40 41 42 43 44 45 46 47 50 52 54 55 57 58 60 61 62 65 66 67 68 69 70 71 72 73 75 77 78 79 80 81 82 84 85 86 87 89 90 92 93 94 95 96 97 99 100 102 103 104 105 106 107 108 109 110 111 112 113 114 115 116 117 118 119 120 121 122 123 124 125 126 127 128 129 130 132 133 134 135 136 137 138 139 140 141 142 143 144 145 146 147 148 149 150 151 152 153 154 155 156 157 158 159 160 161 162 163 164 165 166 167 168 169 170 171 172 173 174 175 176 177 178 179 180 181 182 183 184 185 186 187 188 189 190 191 192 193 194 196 197 198 199 200 201 203 204 205 206 208 209 210 211 212 213 214 215 216 217 218 219 220 221 222 223 224 225 226 227 228 229 230 231 233 234 235 236 237 238 239 240 242 243 244 245 246 248 249 250 251 252 253 254 255 256 257 258 259 260 261 262 263 264 265 266 267 268 269 270 271 272 273 274 275 276 277 278 279 280 281 283 284 285 286 287 288 289 290 291 292 294 295 296 297 298 299 300
57 48 75 86 258
58 15 90 118 131 144 145 159 183 191 204 205 237 276 281 287 289 291 293
59 11 12 22 26 38 41 44 49 51 52 61 63 82 83 87 93 94 101 123 126 136 148 151 154 158 165 168 179 187 189 194 195 196 197 200 204 205 210 228 245 246 247 250 253 263 268 269 271 279 286 297
60 1 2 3 4 5 7 9 10 11 15 16 17 21 22 23 25 28 29 30 32 33 34 35 37 38 40 41 42 44 45 47 48 49 50 51 52 53 54 55 56 57 58 59 61 62 63 64 66 67 68 69 71 74 75 77 80 81 83 85 86 87 88 89 91 92 93 94 95 96 97 99 100 101 104 105 106 108 109 110 111 112 113 116 117 119 120 121 123 124 127 128 129 130 131 132 133 134 135 136 138 140 141 142 143 145 147 148 149 153 155 156 157 158 161 162 163 167 168 169 171 173 174 176 178 179 181 184 185 188 190 193 195 196 197 198 199 200 201 204 205 206 207 210 211 212 213 216 217 219 221 222 223 224 225 226 227 228 229 230 232 235 236 237 239 240 241 242 244 247 248 250 251 252 255 256 257 259 262 263 264 266 268 269 270 271 272 274 275 276 279 281 282 283 286 287 288 289 292 293 295 297 298 300
61 11 37 53 62 64 73 107 112 143 154 165 186 226 231 241 252 282
62 3 7 9 14 15 16 17 21 22 25 28 29 33 34 35 36 39 41 44 49 50 51 52 53 54 57 63 64 68 70 71 73 74 77 79 80 85 86 87 88 89 92 94 95 96 97 102 107 108 110 111 112 114 115 116 118 120 123 124 126 127 128 132 134 136 137 139 140 142 143 145 147 152 156 157 158 159 161 162 164 167 170 172 173 175 176 178 179 181 183 184 186 188 189 191 194 195 197 198 199 200 201 202 203 205 207 209 210 212 214 216 217 219 220 221 224 226 227 228 232 234 238 241 242 243 245 246 247 248 249 251 252 254 258 259 260 263 265 268 272 274 275 276 278 279 284 288 289 291 294 296 297 298 299
63 3 9 10 12 19 26 30 34 37 38 40 41 44 47 48 51 52 55 66 73 89 90 92 101 105 120 122 127 130 132 134 136 142 148 151 155 156 161 162 170 171 173 174 177 186 188 193 196 208 211 215 221 223 224 226 233 235 236 242 244 252 253 258 265 266 269 270 271 273 276 277 278 282 283 287 292 293 297
64 2 8 13 17 18 20 21 22 23 43 45 51 52 53 55 56 65 69 73 75 77 80 86 87 89 94 105 108 111 112 113 125 126 136 140 146 147 148 149 154 155 159 160 161 166 168 181 182 183 190 193 194 195 196 202 207 212 214 215 216 222 228 230 233 234 235 238 241 246 247 249 253 259 263 264 265 266 270 271 274 275 278 280 281 282 286 289 293 294 296
65 6 11 12 14 17 22 27 29 42 43 44 45 46 49 50 57 58 60 61 63 67 68 71 74 75 76 77 82 83 84 87 89 90 94 96 101 105 107 113 114 115 116 119 120 121 123 127 128 129 130 131 135 139 140 144 150 151 156 158 159 162 163 164 166 168 172 174 175 179 180 183 184 186 187 188 189 190 191 192 196 199 202 203 206 208 210 212 213 214 216 220 226 227 237 240 241 248 251 253 256 260 261 263 265 269 271 274 279 284 285 287 292 293 294 295 297 300
66 8 22 24 26 28 37 40 41 56 59 69 71 73 76 78 79 86 92 96 103 104 107 108 109 110 112 113 114 115 116 119 123 130 132 140 144 145 147 149 150 151 152 154 156 159 161 162 166 169 178 182 191 194 196 201 205 206 207 209 211 212 215 217 224 228 235 240 241 243 245 248 250 260 264 265 268 274 277 279 281 282 284 286 290 292 295 298
67 27 37 38 44 45 47 50 63 75 77 94 122 127 136 185 187 191 196 202 205 206 223 226 230 231 252 289
68 2 8 10 18 22 25 27 31 32 37 38 59 63 69 71 77 129 139 147 149 168 173 181 194 197 202 207 219 221 224 231 240 242 248 252 262 266 270 277 278 279
69 2 5 6 7 9 10 12 13 14 16 17 20 22 23 24 26 29 31 34 35 37 38 39 43 45 46 47 48 49 50 53 54 57 59 63 68 74 76 77 78 79 80 83 84 85 86 87 88 93 95 98 100 101 102 103 104 110 115 119 120 121 122 123 124 127 131 133 134 137 138 145 146 149 152 153 155 156 157 158 159 161 162 163 165 168 169 171 172 174 175 176 177 178 181 182 183 184 186 190 191 192 193 194 196 197 198 200 201 203 204 206 208 209 210 212 213 215 216 219 221 222 223 224 225 228 229 232 233 234 235 236 239 240 242 246 247 248 249 251 258 259 262 263 264 265 266 269 270 272 273 277 280 283 284 285 289 290 291 292 294 295 296 297 300
70 1 6 8 19 26 27 29 35 45 46 49 50 51 61 63 64 68 74 75 81 85 87 92 93 94 96 99 101 102 105 107 112 126 128 132 135 141 160 162 163 166 171 172 174 176 177 183 187 194 196 199 202 203 215 216 221 222 226 227 228 234 236 240 241 242 246 256 264 265 269 280 281 291
71 4 11 21 26 31 36 43 45 53 61 63 75 92 96 102 108 111 115 126 129 134 141 156 171 180 182 186 202 213 215 224 232 235 236 241 252 266 273 287 292 296
72 1 3 7 9 12 13 14 15 18 19 23 24 25 29 35 38 39 42 45 49 51 55 56 59 69 71 76 78 79 82 83 86 87 88 91 97 101 103 108 109 113 116 121 124 125 126 134 146 147 153 154 157 158 165 167 168 169 170 172 179 181 189 198 208 210 212 213 218 220 231 233 234 240 243 251 252 262 265 266 273 277 283 284 285 287 291
73 1 6 16 18 19 27 37 39 40 47 48 56 57 62 63 65 68 77 82 83 84 91 95 97 100 103 105 109 112 113 115 120 124 128 136 142 151 170 186 187 191 198 203 207 215 216 223 231 244 257 258 260 264 267 271 280 286 287 299 300
74 1 4 6 8 9 10 14 16 17 18 19 20 21 26 27 28 31 32 38 40 41 43 45 49 51 55 56 59 65 69 70 71 75 76 77 78 80 81 83 88 89 90 92 96 97 98 99 101 102 103 104 106 108 109 110 111 114 118 121 123 124 125 129 131 132 133 134 135 136 137 138 139 140 143 145 146 149 151 152 153 155 156 157 158 159 161 162 163 165 169 172 174 176 177 180 184 185 186 187 190 192 194 200 201 204 205 207 208 211 214 215 218 221 222 224 226 227 229 231 233 235 244 248 249 250 251 254 256 257 258 261 262 264 265 266 273 274 275 278 279 280 285 287 289 291 293 296 298 299 300
75 1 2 3 4 11 12 14 15 16 22 23 26 28 33 35 40 41 49 51 53 54 55 56 57 60 63 64 66 69 71 76 78 82 86 89 90 91 92 97 98 103 104 111 113 120 123 124 125 128 131 132 135 136 137 138 141 143 147 150 153 157 158 170 172 173 175 177 179 180 182 187 188 192 197 199 200 206 207 211 212 215 216 217 218 219 220 222 224 225 238 240 241 243 244 247 255 259 264 268 272 278 281 282 283 285 292 297 300
76 2 15 18 23 25 27 50 56 64 74 81 83 101 102 139 163 171 174 176 178 183 191 199 229 243 270 281 282 285 299
77 1 4 6 10 11 12 16 18 23 24 25 26 29 33 36 37 38 39 40 43 44 45 48 49 50 52 53 56 61 63 70 73 76 78 84 85 86 88 91 96 98 99 100 104 105 109 116 117 123 126 142 143 145 150 153 154 159 161 164 170 171 173 175 177 179 180 181 186 189 190 191 197 199 202 203 204 206 207 209 212 216 217 219 221 224 225 231 232 233 234 236 239 244 249 252 257 259 260 264 265 266 267 268 270 272 274 276 277 278 280 281 283 285 287 288 291 295 299
78 5 9 15 18 19 27 33 36 37 40 43 69 75 76 89 92 117 123 126 128 134 151 160 164 175 187 191 195 210 213 215 235 242 245 249 266 267 273 274 276 278 289 292
79 6 8 10 14 17 21 23 24 27 28 34 37 39 40 42 44 47 48 50 51 53 59 62 64 67 68 69 70 72 74 76 77 78 80 82 84 85 87 88 89 91 92 95 97 98 101 102 103 105 108 112 113 115 117 119 120 121 123 124 126 127 128 129 132 133 134 138 139 140 143 145 147 148 149 156 157 161 163 164 166 167 168 169 173 178 179 180 182 184 185 187 189 190 195 196 199 202 203 204 205 206 210 211 212 217 220 222 224 225 227 228 229 230 231 232 233 235 238 240 241 242 244 248 249 250 252 257 259 262 265 266 267 268 270 271 272 275 276 277 279 280 281 282 285 287 288 289 295 296 297 298 299 300
80 1 2 3 5 6 7 8 9 10 11 12 13 17 18 19 20 21 22 23 24 25 26 27 30 31 33 34 36 37 38 39 40 41 42 43 44 45 46 47 48 49 50 51 52 53 54 55 56 58 59 60 61 62 63 64 65 66 67 68 69 70 71 72 73 74 77 81 82 83 84 85 86 88 89 90 91 92 93 94 95 96 97 98 100 101 103 104 105 106 107 108 110 112 113 114 115 116 117 118 119 120 121 122 123 124 125 126 127 128 129 130 132 133 134 135 137 139 140 143 144 145 146 147 150 151 152 153 154 155 156 158 160 161 162 163 164 165 166 168 169 170 171 172 173 174 175 176 177 179 180 181 182 184 186 187 189 190 191 192 193 194 195 196 197 198 199 200 201 203 204 205 206 207 208 209 210 211 213 214 215 216 217 218 219 220 222 223 224 227 228 229 230 231 232 233 234 235 236 237 238 241 242 243 244 245 246 247 250 251 252 253 254 255 257 258 260 261 262 263 264 265 266 268 269 270 271 272 274 275 276 277 278 280 282 283 285 287 288 289 290 291 292 293 294 295 296 297 298 299 300
81 1 55 75 101 134 168 226 231 281
82 60 200
83 2 3 4 5 6 7 8 9 10 11 12 13 14 15 16 17 18 19 20 21 22 23 24 25 26 27 29 30 31 32 33 34 35 36 38 39 40 41 43 44 45 46 47 48 49 51 52 53 54 55 56 57 59 60 61 62 63 64 65 66 67 68 69 70 71 72 73 74 75 76 77 78 79 80 81 82 84 85 86 87 88 89 90 91 92 93 94 95 96 97 98 99 100 101 102 103 104 105 106 107 108 109 110 111 112 113 114 115 116 117 118 119 120 121 122 123 124 127 128 129 130 131 132 133 135 136 137 138 139 140 141 142 144 145 146 147 148 149 150 151 152 153 154 155 156 157 158 159 160 161 162 163 164 165 166 167 168 169 170 171 172 173 174 175 176 178 179 180 181 182 183 184 185 186 187 188 189 190 191 192 193 194 196 197 198 199 200 201 202 203 204 205 206 207 208 209 211 212 213 214 215 216 217 218 219 220 221 222 223 224 225 227 228 229 230 231 232 233 234 235 236 237 239 240 241 242 243 244 245 246 247 248 249 250 251 252 253 254 255 256 257 258 259 260 261 262 263 264 265 266 267 268 269 270 271 272 273 274 275 276 277 278 279 280 281 282 284 285 286 287 288 289 290 291 292 293 294 295 296 298 299 300
84 1 50 70 103 118 133 135 145 149 155 156 168 169 180 181 186 194 203 204 226 230 233 246 253 268 276 278 279 284 296 300
85 4 9 11 14 16 21 27 29 42 49 52 53 60 65 67 69 87 89 97 99 100 108 109 111 113 128 133 134 135 137 138 142 145 148 149 150 153 156 157 158 159 162 163 170 172 174 177 187 193 195 198 203 205 207 209 212 214 216 218 225 238 239 240 243 244 245 246 247 249 255 258 259 260 264 265 271 285 288 294 297 298
86 2 4 5 7 8 9 11 13 15 18 20 23 24 25 26 27 28 30 31 33 34 35 36 37 38 39 40 42 43 44 45 46 47 48 49 51 52 53 57 58 59 60 61 62 63 64 66 67 68 69 71 72 73 74 77 82 83 85 87 89 90 92 93 94 95 96 99 100 101 102 104 105 106 107 108 111 112 113 114 117 118 119 120 121 122 123 124 128 129 130 131 132 133 134 135 136 137 138 139 140 142 143 144 148 149 153 154 155 160 161 163 164 165 166 168 169 170 171 172 173 174 175 177 179 181 182 183 184 185 186 187 188 189 191 192 193 194 195 196 199 200 202 203 204 205 206 208 209 210 211 212 213 214 217 218 219 220 221 223 224 225 226 227 228 229 230 231 235 238 239 240 241 242 243 245 248 249 250 251 253 254 255 256 257 258 261 262 263 265 266 267 268 269 270 271 272 274 276 277 279 281 282 283 284 285 286 287 288 289 291 292 293 294 295 296 297 298
87 6 8 18 40 51 60 65 67 72 76 77 82 84 103 109 113 117 122 136 138 144 151 165 169 170 172 176 188 191 192 195 204 209 210 214 216 217 225 249 255 263 266 267 268 271 282 293 297 298 299 300
88 5 7 8 9 12 15 17 18 21 25 31 33 35 36 38 43 48 49 51 52 55 60 61 64 65 67 70 73 76 81 87 92 98 100 102 104 109 110 112 117 123 124 126 132 143 152 158 163 177 184 185 186 198 205 210 212 213 215 220 224 225 227 228 232 239 242 256 260 263 267 268 273 278 282 286 288 290 291 297
89 2 3 5 6 7 8 9 10 11 12 14 17 19 21 22 23 24 25 26 27 29 32 33 34 35 37 38 39 40 42 44 45 49 52 53 54 55 56 57 60 62 65 66 67 69 70 71 73 74 77 78 79 80 81 82 83 87 91 93 94 95 96 97 98 100 101 102 103 105 107 109 110 111 112 113 115 116 118 119 120 121 122 123 124 128 129 132 135 137 138 139 144 145 146 147 148 149 151 153 154 155 157 158 159 160 162 163 164 165 166 168 169 170 172 173 175 177 179 180 182 183 185 186 187 188 190 191 192 193 199 201 202 204 205 206 208 209 210 211 212 214 216 217 219 223 227 228 231 232 234 235 236 238 239 240 242 244 247 248 250 251 254 256 257 263 264 265 267 268 271 272 273 275 277 278 279 280 281 282 283 285 287 289 290 293 296 298 299 300
90 147 247 263 299
91 19 27 100 111 142 217 254 282
92 5 8 13 14 15 16 19 21 32 58 59 60 61 66 69 70 71 76 78 86 90 98 99 110 111 114 115 116 117 123 127 128 133 149 150 153 157 160 161 171 175 186 187 191 196 202 203 207 210 211 212 215 216 219 223 224 243 244 249 250 251 257 262 273 283 288 289 291 292 297
93 7 17 22 25 28 38 40 46 52 62 68 100 101 103 109 111 115 116 131 139 144 145 160 166 171 173 182 185 187 189 192 210 213 214 218 222 226 235 236 241 253 254 258 266 269 270 281 286 293
94 1 3 7 9 10 19 20 21 22 25 26 28 29 31 34 39 40 41 43 45 46 48 49 51 52 53 55 56 57 58 59 61 62 63 64 65 70 71 72 73 76 77 78 80 81 82 83 85 88 89 90 91 101 102 103 104 106 109 110 113 116 117 118 122 123 124 127 129 131 132 133 136 137 138 139 140 144 145 147 148 149 150 151 153 155 156 157 162 165 166 169 170 171 174 176 178 180 181 182 183 184 185 186 188 189 191 192 194 196 197 199 201 203 205 207 208 209 210 211 212 213 214 215 216 217 218 219 220 221 223 224 225 227 228 231 232 233 234 235 236 238 242 243 244 246 248 249 250 252 253 254 255 256 257 260 263 264 265 266 271 272 274 275 276 277 278 280 281 284 287 288 290 291 292 293 296 297 299
95 5 11 13 16 17 20 27 31 33 46 48 49 55 60 63 65 67 73 75 76 80 82 83 84 89 92 94 96 99 102 104 107 108 110 111 112 113 116 119 121 125 129 130 132 134 135 136 142 144 149 153 154 156 158 162 164 170 171 173 177 178 179 185 189 190 191 193 198 199 202 205 207 209 213 216 228 229 235 237 242 245 246 252 253 254 256 260 266 267 270 271 273 274 276 280 281 282 285 289
96 15 20 22 24 41 46 50 54 55 57 58 71 87 91 103 106 113 121 128 134 136 138 140 147 161 162 164 166 168 169 174 175 181 198 204 209 211 213 219 228 232 236 242 251 253 256 258 262 291
97 27 51 53 67 73 77 80 91 101 102 103 119 123 129 143 147 153 162 164 166 173 176 196 201 207 215 221 239 254 266 279 280 296
98 82 153 154 169 182 196 202 244 276 292
99 9 94 153 172 197
100 1 2 3 5 6 7 8 9 11 12 16 20 22 24 26 28 29 32 35 36 41 43 44 47 49 50 51 58 60 61 64 66 67 69 70 73 74 78 79 80 82 87 88 91 92 95 97 98 99 102 103 104 106 113 114 115 116 119 121 125 127 134 137 140 144 145 146 147 148 149 151 155 156 157 158 159 161 162 164 166 173 174 175 176 177 179 182 184 186 187 191 197 198 201 202 203 206 207 209 211 212 213 215 216 217 219 221 223 225 226 234 236 238 239 240 241 246 247 248 249 250 251 252 255 259 263 264 266 267 269 271 272 274 275 279 280 284 289 293 298 299
101 2 3 4 5 6 7 8 11 14 15 16 18 21 22 23 24 25 28 35 36 39 40 41 42 46 48 49 51 52 53 54 55 56 57 59 61 64 67 68 70 74 78 79 80 82 84 88 89 90 91 92 93 97 98 99 100 102 104 106 107 109 110 111 112 114 115 116 117 121 122 123 125 126 127 128 129 131 133 135 137 138 140 141 144 146 147 148 149 150 151 152 154 155 158 159 160 162 163 165 166 168 169 170 171 172 175 177 182 183 184 185 186 187 188 189 190 192 197 199 200 201 202 203 204 205 206 207 208 209 213 214 215 218 219 220 221 222 224 225 226 227 232 233 234 235 236 237 238 239 240 241 242 243 244 245 246 247 248 250 251 253 254 255 256 257 260 261 262 264 265 269 270 271 273 275 276 277 278 280 281 282 283 284 286 287 288 291 292 293 295 297 298 300
102 9 21 26 28 32 53 60 61 71 84 85 94 96 107 109 110 112 116 121 127 138 140 143 150 153 156 159 160 161 163 165 168 174 177 185 186 193 194 199 205 207 209 216 218 233 237 240 242 245 246 247 257 272 276 280 282 284 290 292 293 296 299
103 36 47 48 81 86 93 126 127 132 159 160 177 194 238 242 257 279 290
104 16 21 54 80 110 156 168 182 201 251 261
105 1 2 4 9 10 14 15 19 20 22 23 24 29 32 33 35 36 37 39 40 42 44 45 47 48 50 51 54 56 59 63 66 68 74 77 78 82 84 86 93 94 95 96 98 102 104 110 112 114 116 120 122 126 139 140 142 145 148 149 150 152 154 156 157 158 159 160 164 165 167 172 177 185 186 192 193 194 198 199 200 202 207 208 210 212 215 216 217 218 223 227 228 231 238 239 241 242 245 251 252 255 257 262 263 264 265 266 267 269 272 274 278 282 283 284 285 288 289 291 297 298 299
106 54 202 214 251 257 284
107 6 8 10 13 19 20 26 29 32 34 36 37 38 42 43 45 53 60 62 64 67 68 69 72 73 74 75 76 82 83 92 94 98 99 100 103 104 105 111 112 115 116 118 119 123 124 125 136 138 141 142 149 154 155 158 166 167 176 177 179 184 186 193 194 195 196 197 199 202 203 204 209 211 214 215 219 223 231 235 236 240 247 248 250 255 260 264 269 272 278 279 280 287 294 295 298
108 13 14 15 16 17 18 19 21 22 25 29 30 34 37 38 41 44 45 47 52 56 60 66 71 74 76 77 78 79 81 84 85 86 87 88 92 93 96 106 107 114 115 116 118 126 129 133 136 137 138 142 143 146 148 149 154 158 160 162 165 168 169 172 173 184 185 188 189 190 197 198 202 203 204 213 214 220 225 227 228 230 231 233 241 242 243 244 246 248 249 250 255 259 264 266 267 270 272 281 283 286 298 299
109 1 2 3 4 5 6 7 8 9 12 13 16 17 18 20 21 22 23 25 26 29 30 33 34 35 36 37 39 41 43 44 46 47 48 49 50 51 52 53 54 56 58 61 62 63 64 65 67 68 70 71 72 73 75 76 77 78 80 81 84 87 88 89 93 95 96 97 100 101 102 104 105 110 111 112 113 115 117 118 119 120 121 123 124 125 128 130 131 132 133 134 136 137 139 140 142 144 146 147 149 150 152 153 154 155 157 158 159 161 162 164 165 166 167 170 175 178 179 183 184 186 187 188 189 190 191 193 194 195 201 202 206 207 208 209 210 212 213 214 215 216 217 218 220 222 224 227 228 230 231 232 233 234 236 237 238 240 241 243 244 246 247 248 249 250 252 253 254 255 256 257 258 259 260 261 262 263 267 270 271 272 277 279 280 283 284 285 286 287 289 291 292 294 296 297 298 300
110 1 6 7 16 17 18 29 30 34 35 38 39 41 44 47 48 50 54 56 59 61 63 71 72 79 81 85 90 91 92 95 105 112 116 119 123 124 125 126 128 133 134 138 141 144 146 147 149 150 151 153 157 159 160 163 166 170 173 177 179 184 187 188 189 190 192 193 198 199 203 204 211 215 216 218 219 220 221 223 224 225 226 229 231 232 234 235 238 239 241 242 244 251 253 254 258 260 261 262 265 267 270 275 276 278 280 281 283 288 293 298
111 7 12 16 17 20 21 22 34 42 48 58 67 68 75 77 84 88 93 97 99 100 105 117 142 148 159 167 181 197 204 205 209 220 230 239 248 269 270 274 280 281 290 295 297 298 299
112 20 26 51 52 54 62 69 83 85 120 121 131 132 139 142 155 159 165 171 183 184 185 194 201 209 216 231 232 238 239 240 250 257 259 274 295 296 297 300
113 3 28 90 92 94 131 137 141 171 234 235 245 249 256 257 260 272
114 2 5 6 7 8 9 15 16 22 23 25 26 28 32 34 35 36 39 41 42 44 50 52 57 62 68 69 72 75 78 81 85 86 94 96 97 98 101 104 109 113 118 120 125 126 128 130 132 134 136 141 147 154 158 159 165 166 167 168 172 178 183 188 190 192 193 196 202 208 211 212 220 223 224 226 228 229 237 240 241 242 243 248 251 252 255 258 259 266 268 276 277 278 285 287 290 291 292 296 297
115 8 12 13 15 16 18 27 31 34 36 39 41 43 46 47 49 58 64 66 68 72 80 85 87 92 98 99 100 105 106 107 118 121 122 132 137 141 146 156 157 159 160 164 165 167 168 171 176 177 178 179 181 183 188 192 198 205 209 215 217 226 227 236 239 242 254 257 264 265 266 269 275 280 283 295 296 299
116 2 5 7 10 13 14 18 19 20 21 22 23 24 25 27 28 29 31 33 36 38 40 41 43 44 45 46 47 51 53 55 57 59 61 63 64 65 66 67 69 71 72 73 75 76 77 79 80 81 82 83 84 87 88 90 91 93 97 98 99 100 101 102 104 109 111 112 114 118 119 123 124 125 126 127 129 131 132 133 134 135 136 137 139 140 142 145 147 148 151 153 154 155 156 158 160 161 162 163 164 167 168 169 170 171 172 174 175 176 177 178 179 180 181 182 183 185 186 187 191 193 196 198 199 202 203 205 206 207 208 209 211 214 215 216 217 219 220 221 222 223 225 229 230 231 233 235 236 237 238 239 240 241 243 244 245 246 247 248 250 252 253 256 257 258 259 262 263 266 267 268 271 272 273 274 278 279 281 283 284 285 291 292 293 294 296 298 300
117 1 4 5 7 9 10 11 12 13 14 15 16 17 20 21 22 24 25 26 27 29 30 31 33 34 36 38 39 40 42 44 45 46 47 48 49 50 51 52 54 55 56 57 58 59 60 61 62 63 64 65 66 67 68 69 71 74 75 76 77 78 80 82 83 84 86 87 89 90 91 92 93 94 95 96 97 99 100 101 102 103 104 105 106 107 108 109 110 111 112 114 116 118 119 120 121 122 125 126 127 128 129 131 133 134 135 136 137 138 141 145 146 149 150 152 153 155 156 157 158 159 160 163 164 165 166 168 169 170 171 172 173 174 175 176 179 180 181 182 183 184 185 188 189 190 191 192 193 194 197 198 200 201 202 203 207 208 210 212 214 216 217 219 220 221 222 223 224 226 227 228 231 233 234 235 236 237 239 240 242 245 247 251 252 253 254 257 258 259 260 261 263 265 268 269 270 271 273 275 278 279 280 281 282 283 284 285 287 288 289 290 291 293 294 295 296 297 298 299 300
118 1 35 51 86 123 130 144 149 163 171 190 199 215 243 254 273 282 284 288 290
119 6 7 9 16 30 33 34 36 37 40 41 45 46 48 51 53 56 57 60 72 73 79 98 100 101 106 110 114 129 134 136 138 142 143 150 152 172 174 176 179 180 181 185 188 189 193 194 196 201 202 205 206 207 215 218 223 231 236 238 242 244 246 254 259 265 271 273 277 279 281 282
120 1 2 3 4 5 6 7 8 9 10 11 12 16 18 20 21 22 23 28 29 30 31 33 34 35 36 38 39 40 41 44 45 46 48 49 50 51 53 54 56 57 59 61 62 64 66 67 70 71 72 73 74 75 76 78 80 81 82 84 85 86 87 88 89 90 91 94 95 97 99 100 101 106 107 108 109 111 113 114 115 117 119 121 122 124 126 127 128 129 130 132 133 134 136 137 138 140 141 142 143 144 145 146 147 149 150 151 152 153 154 156 159 160 162 163 164 165 166 168 169 170 171 173 174 175 176 177 178 179 180 181 183 184 188 190 191 192 193 194 195 197 198 199 200 202 203 204 205 206 207 208 209 210 214 217 218 219 220 221 222 224 225 226 229 230 231 232 234 235 236 237 241 242 243 244 245 246 249 250 251 252 253 254 255 257 258 259 260 261 262 266 267 268 269 270 272 273 274 276 277 278 281 283 284 286 288 289 290 293 294 295 297 298 299 300
121 5 17 19 29 32 42 43 44 45 46 52 60 61 64 71 77 78 81 86 87 97 100 107 108 130 131 136 137 140 143 145 146 147 150 151 152 155 158 161 164 165 172 174 179 180 181 184 189 197 198 202 204 209 211 220 221 223 225 227 229 238 240 249 252 255 258 263 265 266 267 271 273 278 281 282 284 288 289 292 296 300
122 1 2 3 7 8 9 10 11 12 13 14 15 16 17 19 21 22 23 24 26 27 28 29 30 32 33 34 36 38 39 40 41 42 43 44 45 46 47 49 52 53 54 55 56 59 60 61 62 63 64 66 67 68 70 71 72 73 75 77 78 79 80 82 83 84 85 86 87 88 89 91 92 93 94 95 96 97 98 100 102 103 105 107 109 112 113 114 115 116 117 118 119 120 121 123 124 125 126 127 128 129 130 131 132 133 134 136 138 140 141 142 143 144 146 147 148 149 150 151 152 154 156 157 158 159 160 161 162 163 164 166 167 168 169 170 171 172 173 174 175 177 178 179 181 182 183 184 185 186 187 188 189 191 192 193 195 197 198 200 202 203 204 205 206 207 208 209 210 211 212 214 215 216 217 218 219 220 221 222 223 226 227 229 230 233 234 235 236 239 242 243 244 247 248 250 251 252 254 255 256 257 258 259 261 262 265 266 267 269 270 271 273 274 275 277 278 279 280 282 283 284 285 287 290 291 292 293 294 295 296 298 299 300
123 1 2 4 7 8 9 11 12 13 15 16 19 20 21 22 25 26 28 29 32 34 35 37 38 39 40 42 44 45 46 48 50 51 52 53 56 60 61 63 64 65 66 67 70 71 72 74 75 76 81 82 83 86 88 94 95 97 99 101 102 103 104 107 108 109 110 113 116 117 118 119 120 124 125 126 128 129 130 132 133 138 139 144 145 146 147 149 151 152 154 155 156 159 160 161 162 163 164 166 167 168 169 170 172 173 174 176 177 178 179 182 183 185 186 187 190 192 193 195 197 198 199 200 201 202 203 204 206 210 213 215 216 218 220 221 222 223 224 226 228 230 231 233 234 235 237 239 243 244 245 246 248 249 251 252 255 259 261 263 264 265 267 269 275 278 279 280 281 282 283 284 285 286 289 290 292 295 296 297 299
124 19 41 44 50 53 55 57 59 62 68 71 73 78 82 83 87 90 105 107 111 123 137 144 149 159 169 170 179 181 240 241 254 265 268 273 293 297 300
125 39 91 96 157 184 196 201 215 220 228 230 232 275
126 3 10 13 14 20 34 61 66 79 85 91 116 120 125 147 148 152 156 157 158 164 171 180 187 190 191 192 206 214 231 236 239 247 264 269 271
127 9 17 22 31 38 47 49 50 54 55 61 70 71 73 77 78 86 90 92 100 116 124 126 134 139 140 150 153 175 176 178 198 202 205 207 212 215 225 228 230 234 241 242 251 260 262 263 264 265 282 288 289 295 298 300
128 3 5 14 18 22 23 24 28 29 30 33 35 39 40 45 51 58 61 70 71 76 78 79 80 82 84 94 101 107 122 125 127 132 135 136 141 147 149 151 154 161 174 183 185 186 187 189 190 194 195 198 207 209 213 216 219 222 223 229 230 232 234 238 240 241 244 245 247 253 255 256 264 266 272 275 278 284 296 297 298 299
129 6 15 68 72 104 124 130 139 140 144 196 203 280
130 1 2 3 4 5 6 7 8 9 10 12 13 14 18 19 22 23 24 25 26 29 30 31 32 33 34 35 36 38 39 40 41 47 48 49 51 52 53 54 56 57 58 59 60 62 63 64 65 66 68 69 70 72 74 75 78 79 80 81 82 83 84 85 86 87 88 90 91 94 95 97 98 99 102 103 104 105 106 107 108 109 110 111 112 113 114 115 116 117 118 119 120 121 122 123 125 126 127 128 129 131 132 133 134 136 137 138 140 141 143 144 145 146 147 149 150 152 154 155 157 158 159 160 162 163 164 165 166 169 170 172 173 174 176 178 179 180 181 182 183 186 188 190 191 192 193 194 195 196 197 198 199 201 202 203 204 205 206 207 209 210 211 212 215 216 217 219 220 221 222 223 224 225 227 229 231 232 233 234 235 236 237 238 239 240 241 244 245 246 247 249 251 252 256 258 260 261 262 263 264 265 266 268 269 270 271 272 273 274 276 277 278 280 282 283 284 286 287 289 290 291 292 293 294 295 299 300
131 3 8 12 13 20 27 30 31 33 37 39 42 45 49 57 65 74 75 77 87 91 92 100 101 102 103 104 107 111 112 113 115 119 123 127 128 130 133 139 140 146 147 149 151 153 158 163 165 166 169 170 172 173 174 176 180 181 184 186 191 208 211 212 222 223 224 225 229 235 237 239 240 246 252 256 262 264 268 272 276 278 281 282 283 288 291 293 296 297 298
132 4 6 15 20 24 30 32 39 41 46 56 57 58 64 68 71 76 79 82 85 86 88 89 90 92 113 122 128 130 133 140 141 143 155 162 163 165 170 175 184 188 192 193 194 202 206 209 210 212 213 218 220 221 238 241 242 246 253 255 257 258 259 265 273 282 284 286 291 296 300
133 9 11 13 22 39 41 57 62 63 79 81 85 89 92 117 124 130 132 135 138 148 154 159 195 200 222 229 233 235 238 240 248 256 257 273 277 279 300
134 1 2 6 7 10 16 17 19 23 30 35 40 41 45 49 55 57 67 70 73 76 77 80 84 85 91 92 105 112 122 125 126 128 129 130 137 139 141 142 148 150 155 160 164 169 173 174 176 181 187 193 198 204 208 209 211 212 216 219 233 236 237 238 240 247 251 253 255 261 262 263 266 271 272 273 274 275 277 282 286 287
135 1 2 13 18 37 40 43 45 46 48 56 58 60 62 66 67 68 74 84 85 88 89 90 91 101 103 111 112 113 117 119 124 126 130 136 137 139 147 155 156 158 161 162 167 171 172 174 177 180 182 185 190 191 196 210 213 214 216 218 220 231 238 239 244 246 248 249 250 253 254 258 262 269 271 275 278 280 282 294 299
136 1 3 4 10 13 14 17 19 22 23 24 26 28 29 30 31 32 33 35 36 37 39 40 41 43 47 48 49 53 55 56 60 61 62 65 66 67 70 72 73 74 77 78 82 84 89 91 92 93 96 99 101 102 104 105 106 107 109 110 111 113 114 117 118 119 121 122 124 125 127 128 129 132 133 134 135 142 144 145 146 148 152 154 156 160 163 164 167 169 173 175 182 187 190 192 193 194 195 196 197 198 199 200 203 204 208 209 211 218 221 224 225 226 227 228 230 236 239 240 243 244 250 251 254 255 256 257 259 261 262 263 265 266 269 270 274 280 281 282 283 287 290 293 294 296 297 298
137 2 3 8 9 11 12 13 14 16 17 19 28 30 33 36 37 38 39 44 46 50 53 55 56 59 68 69 70 71 75 77 78 79 80 85 86 89 92 94 95 97 98 99 104 106 110 112 113 114 115 116 120 123 124 126 127 129 134 135 138 139 141 143 146 148 151 152 153 156 157 160 165 166 168 173 174 177 179 180 182 185 186 189 190 191 193 195 197 201 203 205 206 207 208 209 210 211 212 213 215 218 220 221 223 225 227 236 237 241 244 246 248 250 251 254 255 256 259 265 266 267 268 269 270 272 273 274 275 276 277 284 286 288 289 291 298
138 28 42 60 83 84 120 122 135 172 176 196 204 212 213 218 234 257 281
139 11 62 66 78 107 118 161 169 183 207 231 246 275
140 1 2 5 6 9 11 13 16 20 22 26 27 30 32 34 39 41 45 46 49 53 57 59 62 64 66 67 70 72 73 77 80 82 83 85 87 89 91 93 95 97 98 99 101 104 105 107 109 110 111 116 123 125 127 128 129 130 134 135 137 138 142 143 144 147 148 151 152 155 158 163 164 166 167 168 175 176 177 180 181 182 185 191 194 196 198 202 211 213 215 217 218 219 222 228 232 234 240 244 246 247 251 255 256 257 258 259 261 265 266 271 274 276 277 278 279 280 281 285 287 288 289 290 292 294 296 297 298 299
141 1 3 5 6 8 10 12 13 14 15 16 17 18 19 20 21 22 24 25 27 28 32 33 34 36 37 38 39 40 44 45 46 47 48 49 50 51 52 56 57 58 59 62 65 66 67 69 71 72 73 76 77 78 79 81 82 83 85 86 87 88 89 93 94 95 96 98 101 102 103 105 107 108 109 110 111 112 116 117 118 120 122 123 127 128 129 130 131 132 133 134 135 137 138 140 146 147 148 149 151 153 154 155 156 159 160 161 164 165 166 167 168 169 170 171 172 173 174 175 177 182 183 185 188 190 191 192 194 195 196 198 199 200 201 202 204 205 206 207 209 210 211 212 214 215 217 219 220 222 223 224 225 227 228 230 231 232 234 236 239 240 241 242 244 245 246 247 252 253 254 257 258 259 260 261 262 263 265 266 267 268 269 272 276 277 278 279 280 282 283 284 285 287 292 293 294 295 296 297 298 299
142 42 236
143 4 5 8 11 14 16 18 19 20 22 24 25 28 29 30 32 35 39 41 44 45 51 52 56 57 59 63 67 68 76 78 79 85 88 108 110 113 114 140 146 147 149 154 160 162 164 176 178 180 183 185 189 191 196 198 199 200 203 205 206 214 220 223 227 241 243 244 251 256 274 275 281 286 288 292 298
144 3 5 8 14 17 18 19 20 21 23 24 27 30 31 32 33 39 41 42 45 46 47 50 51 54 58 64 65 67 68 70 71 72 73 74 75 77 78 81 82 87 89 92 93 96 98 99 100 101 106 107 112 115 117 118 119 121 122 124 126 127 132 135 136 139 140 141 142 143 145 149 151 153 155 156 157 159 161 162 165 166 172 174 175 180 183 187 188 189 190 191 197 199 200 201 205 207 208 210 211 212 213 215 218 223 226 227 229 230 232 233 234 237 240 241 242 243 245 246 247 249 251 252 254 256 257 258 262 264 265 268 270 272 274 275 276 280 281 282 283 291 293 299
145 1 3 7 23 70 71 84 91 97 106 111 117 121 130 135 162 163 165 175 187 206 218 239 255 272 276 280
146 11 12 13 25 39 49 68 70 93 106 110 118 144 148 168 172 186 187 208 215 219 248 263 279 280 282 297
147 2 6 11 12 13 14 15 17 18 19 20 21 22 23 24 25 26 28 30 32 34 35 36 38 43 47 48 49 52 53 54 55 56 57 58 60 61 65 67 68 69 70 71 73 75 78 81 83 84 85 86 87 88 90 91 92 95 96 97 98 100 105 107 109 111 114 115 117 121 122 123 124 125 128 129 130 131 132 133 134 135 136 137 139 140 142 143 144 145 146 148 150 151 153 154 156 158 160 161 162 164 166 169 170 171 172 175 176 177 180 184 185 187 188 189 191 193 197 198 199 201 203 204 205 206 208 209 212 213 214 216 218 220 222 223 224 225 226 227 228 230 231 232 235 236 237 239 241 242 244 245 246 247 249 251 252 253 256 257 259 261 262 264 265 266 269 270 276 277 279 280 281 283 287 288 290 293 294 296
148 4 16 17 21 27 36 39 42 57 58 60 64 68 75 81 84 89 90 102 108 110 118 124 131 140 141 142 157 160 161 166 174 177 178 188 189 210 218 229 232 237 239 244 250 251 252 267 272 276 284 296
149 1 3 4 10 17 20 21 24 26 29 30 32 33 34 36 38 40 41 43 44 45 46 47 48 49 51 52 53 54 55 56 61 62 64 65 67 68 69 70 72 74 75 76 77 78 79 81 85 86 87 88 89 90 92 94 95 96 97 98 100 101 102 103 104 105 106 109 110 112 116 118 119 125 126 128 129 131 132 134 135 137 138 139 140 141 143 145 146 148 150 152 153 154 156 157 161 163 165 167 169 170 171 179 180 181 182 183 184 185 186 187 190 191 193 196 197 199 200 202 204 205 206 208 209 212 215 217 218 221 222 225 226 229 231 232 234 235 238 239 240 241 243 245 247 248 249 250 252 253 254 256 257 258 259 261 262 263 264 265 266 267 268 269 270 271 272 274 275 276 279 280 281 282 283 284 285 286 290 291 294 295 298
150 1 7 9 11 12 14 15 16 17 18 20 22 24 25 26 27 29 30 31 34 36 37 38 40 43 49 51 52 53 55 60 61 62 63 65 66 70 71 72 81 84 87 88 92 93 94 96 99 101 107 109 111 112 115 118 119 120 121 127 130 132 133 135 138 144 151 153 155 158 161 162 166 167 169 173 179 180 183 184 191 194 195 197 198 200 202 208 211 213 216 220 223 227 231 232 236 241 243 244 245 246 249 250 252 253 255 256 257 261 262 266 273 276 280 284 286 288 290 291 292 295 296 298 299
151 7 16 29 39 58 66 74 80 84 121 133 140 141 156 165 168 187 190 191 217 220 234 236 237 243 294
152 5 6 7 11 15 19 21 22 23 24 26 27 28 29 36 37 41 44 46 50 51 53 54 56 62 63 64 66 67 68 69 70 71 73 74 76 87 89 90 95 96 104 110 112 115 116 120 122 129 130 132 133 135 138 148 149 150 155 157 158 164 166 171 174 177 179 181 182 186 188 189 190 191 192 194 196 200 202 203 211 212 213 218 227 229 233 238 250 257 258 264 266 267 269 273 276 277 280 287 289 291 293 295 297
153 4 10 15 17 18 21 60 68 69 74 82 83 95 96 99 100 113 124 127 142 151 158 166 181 182 193 200 208 211 216 219 221 223 231 237 238 242 248 252 255 262 265 271 278 286 289
154 1 5 12 13 20 27 31 52 59 61 67 69 73 80 82 84 86 87 95 109 111 126 133 137 141 143 163 165 166 170 181 191 193 194 195 196 197 198 201 210 220 230 234 235 236 258 263 276 281 282 284 289 292 296
155 1 3 4 5 6 7 8 9 11 12 13 14 15 17 20 21 24 25 26 27 28 30 31 33 34 35 36 38 40 42 43 44 45 47 48 50 51 52 53 54 56 57 58 60 61 62 63 66 67 69 70 71 72 73 74 75 76 77 78 79 80 81 82 83 84 86 87 88 89 90 91 92 93 94 95 97 98 99 100 101 102 103 104 105 106 108 109 110 112 113 114 115 116 118 119 122 123 124 125 126 129 130 132 133 134 135 137 138 139 140 141 143 144 146 147 148 149 150 151 152 153 154 156 158 159 161 162 163 164 165 168 169 170 171 172 173 174 175 176 177 178 179 180 181 183 184 185 186 187 188 189 190 191 193 194 197 198 200 201 202 203 205 206 207 208 209 210 212 213 214 216 217 218 219 220 221 223 224 225 226 227 228 229 230 231 232 233 234 235 236 238 239 240 241 243 244 245 250 251 252 253 254 255 256 257 259 260 261 262 264 265 266 267 268 269 270 271 272 274 275 277 279 280 281 282 284 288 289 290 291 292 293 294 295 297 299 300
156 8 13 15 16 18 23 24 34 36 42 45 47 48 51 53 57 62 63 67 72 77 78 83 85 86 87 88 93 102 103 106 107 110 111 120 127 138 141 143 145 148 150 152 154 157 160 163 165 170 174 181 182 186 189 192 193 194 195 198 200 201 204 206 208 215 220 223 225 230 239 247 250 255 258 259 261 262 264 270 271 275 280 283 287 288 297
157 27 42 50 57 82 85 86 138 161 193 284 295 298
158 12 47 50 57 59 64 66 77 82 89 104 112 129 130 132 144 155 156 170 186 187 200 203 204 214 222 223 225 230 231 239 272 280
159 5 33 56 81 87 93 97 98 108 124 130 133 139 142 155 166 202 225 242 254 281 286 292 296
160 13 56 111 121 128 142 244
161 2 15 42 57 72 102 104 116 123 133 135 152 154 168 171 191 195 218 229 232 235 237 246 254 261 267 285 291 294 296
162 1 2 3 4 5 6 8 9 10 11 12 13 15 16 17 18 19 20 21 23 24 25 26 27 28 30 31 32 33 34 35 36 37 39 40 41 42 43 44 45 46 47 48 49 50 51 52 53 54 55 57 58 59 60 61 62 64 65 66 67 68 70 71 72 73 74 75 78 79 80 81 82 83 84 85 86 88 89 90 91 92 93 94 95 97 99 100 101 102 103 105 106 107 108 109 110 111 112 113 114 115 117 118 121 122 123 124 125 126 127 128 129 130 131 132 133 134 135 136 137 139 140 141 142 143 145 146 147 148 149 151 152 153 154 155 156 157 158 159 160 163 165 166 168 170 171 173 174 176 177 179 181 182 183 184 185 187 189 190 191 193 194 195 196 197 199 200 202 203 204 205 206 207 208 209 210 211 212 213 215 216 217 218 220 221 222 223 224 225 227 228 229 230 231 233 234 235 236 237 238 239 240 242 244 245 246 247 248 249 250 251 255 259 261 262 263 264 265 267 268 270 272 274 276 278 280 281 282 283 284 285 286 287 288 290 291 292 293 294 295 297 299 300
163 57 134 136 174 199 216 286
164 22 25 35 39 49 79 81 84 90 95 98 102 124 133 142 145 149 150 156 165 168 172 174 184 193 201 206 212 213 214 222 223 225 239 249 252 261 269 274 277 283 284 297
165 1 3 6 7 8 9 10 11 12 13 15 17 18 20 21 22 23 24 25 26 28 29 31 32 33 34 36 38 39 40 42 43 44 45 46 48 49 50 51 52 53 54 56 57 58 59 60 62 65 66 67 68 69 70 71 72 73 74 75 76 77 79 80 81 82 83 85 86 87 88 89 91 92 93 94 95 96 97 98 100 101 102 103 104 105 106 107 109 110 111 113 114 115 116 117 118 119 120 121 123 124 125 126 129 130 131 132 133 134 136 137 138 139 140 141 142 143 144 145 147 148 149 151 153 154 155 156 157 158 161 164 166 168 169 170 172 173 175 176 177 179 180 181 182 184 186 187 191 192 195 196 198 200 202 203 204 205 206 207 208 209 210 211 212 213 215 216 217 219 220 221 222 224 226 227 228 229 231 233 234 235 236 237 238 239 240 241 243 244 245 246 248 249 250 252 253 254 255 257 259 261 262 264 266 268 269 270 271 272 273 274 275 276 277 279 280 281 282 283 286 288 289 291 292 293 295 296 298 299 300
166 34 76 80 156 195 210 246
167 3 4 6 14 15 16 18 20 24 27 28 35 36 41 43 50 57 59 62 67 68 76 78 80 81 82 84 86 88 91 95 97 98 100 102 106 113 115 125 126 129 136 145 149 150 151 153 156 160 164 168 172 173 178 181 188 198 201 203 207 214 215 216 218 222 225 234 238 246 250 252 258 260 263 264 265 266 268 271 272 276 280 283 286 287 288 289 290 292 293 295 299
168 14 27 53 77 82 88 130 131 136 165 170 178 183 191 197 202 204 207 215 216 218 234 253 279 280 284 286 288 291 299
169 2 4 11 19 23 26 32 38 41 42 44 46 47 60 64 67 69 71 73 86 87 92 93 100 102 107 110 113 115 118 129 139 145 146 148 149 151 152 155 159 167 171 174 175 182 184 190 191 194 197 201 207 209 211 212 213 216 220 224 225 227 230 232 235 242 245 250 252 256 258 265 268 276 278 280 284 286 289 292 293 296 299
170 229 288
171 13 18 20 51 60 67 72 108 124 127 133 152 160 177 189 193 204 252 255
172 13 21 26 43 91 94 111 145 175 180 232 242 272 275 290
173 1 4 9 10 11 12 13 15 21 23 24 25 27 30 35 37 38 39 42 44 47 55 60 65 66 71 77 79 80 81 82 87 88 90 92 94 96 97 103 109 112 114 117 120 121 122 127 129 130 131 132 134 135 136 137 141 143 145 148 149 154 156 161 164 165 166 168 169 170 171 172 174 175 176 182 183 184 185 186 187 188 192 193 196 200 201 203 204 207 209 210 214 215 218 220 221 223 224 226 228 231 232 234 239 243 249 251 252 254 255 256 258 263 265 266 267 271 272 274 277 278 279 282 285 289 291 292 296 297 299 300
174 1 3 4 5 7 8 9 10 11 13 15 16 21 22 23 24 25 26 27 29 30 31 32 33 34 35 36 37 39 40 42 43 44 45 46 47 48 49 50 51 52 54 55 56 57 59 61 62 64 67 70 71 72 74 75 76 77 78 79 80 81 82 83 85 88 89 92 93 95 96 98 99 102 103 104 105 106 107 111 112 113 115 116 117 119 120 121 122 123 124 125 126 127 128 129 130 131 134 136 137 138 139 141 142 144 145 146 148 149 150 151 152 153 154 155 157 158 159 160 161 162 163 164 168 169 170 171 172 173 175 176 177 178 179 180 183 184 185 188 189 190 191 194 196 198 200 201 203 204 205 206 207 209 210 211 212 215 216 219 220 221 224 226 227 229 230 231 235 236 238 239 242 243 244 247 248 249 250 251 252 254 256 257 258 260 261 262 263 264 265 268 269 270 271 272 273 274 275 276 277 280 281 282 283 284 285 287 289 291 292 293 294 295 296 298 299 300
175 5 6 8 10 11 13 14 16 18 19 21 22 23 24 26 27 30 34 37 39 41 42 44 50 52 55 57 58 61 62 65 66 69 72 76 77 78 81 83 88 89 92 93 94 95 99 101 103 105 106 112 113 115 116 118 119 120 122 128 129 133 134 137 146 148 150 151 157 158 159 160 161 162 164 169 173 177 184 188 189 190 191 193 194 197 198 200 202 204 206 207 209 210 211 216 220 224 225 226 228 231 233 234 235 236 239 240 244 246 251 252 256 257 260 263 264 266 267 271 274 277 278 279 280 282 283 285 286 287 288 289 291 292 294 296 297 299 300
176 27 40 78 189 205 274 280 293
177 19 25 36 38 72 81 91 113 115 129 131 134 147 163 255 261 295
178 1 15 17 18 21 42 102 115 119 124 142 155 159 170 171 176 199 206 219 236 254 289
179 10 19 20 33 34 38 80 81 86 114 123 128 135 137 149 189 193 194 208 209 211 213 214 222 236 243 247 255 260 263 268 274 285 294 300
180 9 14 28 34 42 45 47 49 52 63 70 73 89 94 110 114 119 130 133 139 145 150 168 186 187 202 216 223 231 236 245 257 260 281 282 284 295
181 3 4 12 15 20 21 23 32 33 35 36 37 39 40 44 45 46 50 51 52 55 57 59 61 62 66 67 77 79 87 89 94 95 96 97 98 99 101 102 105 115 116 118 119 123 131 137 139 143 144 145 148 153 155 157 158 160 161 165 166 167 168 169 170 171 172 174 178 183 186 190 194 195 199 201 207 208 210 214 220 227 228 230 232 234 235 236 238 243 245 251 252 253 258 259 260 262 264 265 267 268 269 271 273 274 275 277 281 283 285 292 297
182 5 15 17 26 27 28 35 39 43 45 46 47 54 58 60 72 73 76 83 84 86 95 96 100 103 104 105 107 116 117 118 119 124 129 131 133 136 137 138 141 142 143 144 151 157 160 162 167 168 172 178 185 188 193 196 197 201 202 208 209 210 218 219 221 226 233 236 237 246 249 254 264 267 271 272 286 288 291 293 297 299 300
183 2 36 42 67 70 79 94 111 120 129 160 163 178 196 202 212 219 229 259 262
184 2 3 5 7 8 11 17 19 20 21 23 24 25 26 30 33 35 36 38 40 41 43 48 49 50 51 52 53 54 59 60 61 62 63 65 68 70 71 72 73 74 75 76 79 80 89 93 96 98 99 101 105 108 109 111 116 117 121 123 127 129 131 132 133 136 139 142 143 144 145 146 151 154 155 157 158 159 160 162 170 171 172 173 175 176 177 178 180 181 183 189 190 191 193 196 198 200 201 204 207 208 210 211 212 215 219 221 225 228 229 230 231 235 236 244 246 248 249 253 258 262 263 264 268 269 270 271 272 273 274 280 282 288 291 292 293 294 296 297 298
185 4 8 18 26 31 37 41 55 58 62 63 68 70 76 85 91 92 96 102 103 106 110 111 115 117 120 123 145 150 157 160 163 168 184 198 212 220 225 236 237 240 241 242 243 244 245 248 250 253 255 260 265 268 270 271 276 278 282 296 298 299
186 2 6 11 13 26 40 46 83 84 86 90 96 101 103 118 130 133 146 148 149 155 160 165 181 191 202 203 214 216 217 225 229 241 247 250 264 266 270 272 274 280 289 298
187 2 6 8 11 16 19 20 28 30 36 37 39 40 42 44 45 48 49 51 54 57 61 62 66 69 70 78 79 80 88 91 92 94 96 97 102 107 108 109 110 111 114 116 118 121 122 123 125 126 127 131 133 134 137 138 139 140 149 152 155 157 164 167 172 173 174 175 182 183 190 192 193 195 198 200 203 204 206 209 212 213 214 216 217 221 222 223 224 225 226 229 233 235 237 238 241 246 247 250 255 258 264 266 267 268 271 272 274 276 278 279 282 284 285 286 287 290 292 295 296 299
188 1 6 7 10 11 12 13 14 16 21 26 30 32 33 36 37 40 42 43 44 47 48 49 53 54 58 64 65 66 67 69 72 74 76 77 78 81 82 85 87 90 92 95 96 97 98 100 101 103 104 105 106 109 111 115 116 118 125 127 128 130 133 135 137 139 140 141 147 148 150 151 153 157 158 159 163 169 170 171 172 173 176 179 181 182 183 185 190 191 196 198 203 204 207 208 209 211 212 215 217 218 219 221 229 231 233 234 235 236 237 239 240 244 245 246 251 252 253 256 259 260 261 264 266 269 270 274 276 278 282 284 289 290 292 293 297 298
189 1 2 4 5 7 8 12 14 16 18 20 21 26 27 28 32 34 35 36 41 45 49 60 61 64 67 80 81 83 85 89 93 94 99 100 102 107 110 112 113 115 116 118 126 128 131 134 135 137 138 139 142 147 151 152 156 157 161 164 168 169 171 178 183 186 187 188 193 195 199 203 204 206 207 210 211 214 215 216 217 220 224 227 228 229 232 235 237 240 241 242 243 248 249 253 255 256 257 261 265 269 271 277 281 285 287 289 292 296 299
190 9 10 11 19 22 26 36 42 65 79 80 81 84 86 93 102 112 115 122 127 128 135 137 143 148 151 155 164 165 168 169 174 181 182 184 188 193 208 213 222 241 249 262 278 279 287 289
191 25 115 166 286
192 1 2 9 16 22 37 63 64 66 73 99 100 104 114 140 158 163 210 220 227 237 266 282 290 295
193 12 20 36 45 46 54 69 78 101 123 125 126 134 138 139 145 149 152 163 165 174 205 208 210 220 227 240 242 247 248 265 270 271 285 286 293
194 104 118 126 141 145 197 236
195 11 17 23 25 31 47 48 53 54 58 70 81 82 95 102 111 119 121 124 133 145 147 171 179 215 216 220 230 232 237 247 258 270 275 293 295
196 5 6 7 11 12 14 15 20 21 25 26 28 32 33 35 43 47 49 51 54 55 57 62 71 84 89 91 94 96 98 101 102 106 113 114 115 117 118 120 123 132 134 135 140 141 151 158 159 160 161 162 164 169 171 174 175 177 178 179 184 186 188 189 193 197 201 203 204 208 209 210 214 218 229 231 232 234 238 240 242 248 249 253 255 258 260 261 268 274 282 283 289 291 293 297 298 299
197 1 6 26 34 51 56 59 60 74 83 93 98 106 108 109 145 159 166 175 177 202 212 221 222 225 233 292 297
198 10 39 56 94 108 121 136 137 143 162 166 177 182 187 189 191 207 215 279 292
199 1 2 3 4 7 8 9 10 11 13 14 16 18 20 24 25 26 27 28 29 31 32 34 37 38 39 41 43 44 46 48 50 53 57 59 60 61 63 64 65 66 67 70 71 74 75 76 77 78 79 80 81 83 85 86 87 90 91 97 98 99 101 103 105 108 109 110 112 114 117 118 119 122 123 125 127 128 129 131 132 136 137 139 140 142 145 147 148 149 150 151 153 155 156 157 158 159 163 166 168 170 172 179 180 181 185 187 190 193 194 195 198 201 202 203 205 209 211 212 213 215 216 217 220 221 223 226 230 231 233 234 235 238 240 241 250 252 257 261 262 263 264 267 268 270 272 273 276 277 278 279 281 288 291 292 294 295 298 300
200 9 12 43 66 67 70 85 98 106 135 140 159 166 171 174 176 194 220 226 234 236 252 266 277
201 8 13 28 31 32 33 34 41 50 60 61 73 91 96 100 105 116 121 122 140 145 146 149 150 152 155 159 160 169 180 194 198 200 212 216 221 236 239 247 257 263 265 266 275 278 289 292 296
202 18 21 104 149 244 281 292
203 3 7 14 16 18 23 27 28 36 40 41 43 45 52 53 54 58 60 75 86 87 90 91 95 97 100 101 106 108 115 122 127 133 137 138 139 141 149 151 156 166 167 169 172 177 178 179 180 184 195 196 197 210 212 216 217 218 224 226 229 230 242 247 248 249 254 255 258 262 264 271 277 281 282 288 297 300
204 1 2 3 4 5 6 8 9 11 12 13 15 18 19 20 21 22 24 26 27 30 31 33 34 35 37 38 39 40 42 43 44 45 46 47 48 50 51 53 54 55 56 57 58 59 62 63 64 65 66 67 68 70 71 72 74 76 77 78 79 80 81 82 84 85 87 88 90 91 93 94 95 96 97 98 99 100 101 102 103 104 105 108 109 110 111 112 113 115 116 117 119 122 123 124 125 126 128 130 131 132 133 135 137 138 139 140 141 142 143 145 146 148 149 150 152 153 155 156 157 158 159 161 162 165 166 168 169 171 172 173 175 176 177 178 179 181 182 184 185 186 187 188 189 191 192 193 194 195 196 201 205 207 208 209 210 211 212 214 215 217 218 219 221 222 223 224 225 227 228 229 230 232 233 234 235 236 237 238 239 240 241 242 243 244 245 247 248 250 251 252 253 254 255 256 257 258 259 260 261 262 263 264 265 266 267 268 269 270 271 272 274 275 276 277 278 281 282 283 284 285 286 288 289 290 291 292 293 296 299
205 20 21 60 66 75 87 97 114 135 142 170 178 179 182 185 187 191 204 215 216 230 235 242 243 254 260 263 282
206 1 2 6 7 9 21 22 23 24 25 26 30 31 32 33 35 36 37 39 40 43 44 45 47 51 52 56 58 59 61 64 65 66 68 71 73 74 75 76 79 80 82 83 84 85 86 87 89 90 91 93 95 96 101 102 103 104 106 107 114 116 118 124 126 132 139 141 143 144 148 149 151 152 157 162 163 164 166 167 171 173 175 177 178 180 181 182 183 185 187 188 190 192 193 194 199 202 204 205 207 208 214 216 217 220 221 228 232 233 234 235 236 238 239 240 246 251 256 259 263 265 267 269 271 273 274 275 276 278 280 281 283 284 285 288 291 292 293 295 296 299 300
207 24 117 132 140 153 165 210 245 283 298
208 3 4 6 7 8 11 14 15 18 19 29 33 35 36 44 45 48 49 55 57 59 62 66 68 69 71 72 74 79 80 82 84 86 87 88 90 92 96 100 101 102 103 106 107 109 110 111 114 115 117 118 123 124 126 127 128 129 130 131 132 133 135 136 138 139 141 143 144 145 150 151 152 156 157 159 161 162 163 164 167 168 176 178 179 180 181 186 187 188 189 190 194 196 198 199 201 203 205 211 212 214 215 216 217 222 224 229 230 231 234 237 241 243 244 251 254 255 256 261 263 267 269 270 275 277 278 279 280 281 282 283 288 289 290 293 294 296 298 299 300
209 5 9 10 11 12 15 19 20 22 24 26 28 29 33 35 38 39 47 48 49 50 52 53 55 57 61 66 68 69 70 73 78 79 81 82 84 86 88 90 91 92 93 95 96 99 102 104 110 111 115 128 130 135 136 138 143 144 148 152 154 156 160 161 162 164 165 166 172 174 176 182 185 186 189 192 193 194 195 196 197 199 200 204 205 207 208 212 214 218 219 220 221 222 223 225 226 228 231 234 237 238 240 242 243 245 246 248 249 257 258 260 261 269 270 272 274 279 280 281 282 284 285 287 293 295 300
210 1 2 4 5 7 8 9 10 11 13 14 15 17 18 23 24 25 27 29 30 31 32 33 34 36 37 38 40 41 42 44 46 47 49 52 54 56 57 59 60 61 63 64 65 66 67 70 72 73 75 77 79 80 81 85 88 91 94 97 100 101 103 106 107 109 110 112 114 119 123 124 125 126 129 130 131 135 141 142 143 144 145 146 147 148 149 153 155 156 157 159 160 161 162 165 167 168 170 171 173 176 177 181 183 184 185 188 190 191 192 193 194 195 196 197 199 200 201 204 205 208 209 213 218 219 220 221 228 229 231 232 234 235 236 241 243 245 246 247 248 250 252 253 254 255 256 258 261 262 263 264 266 267 269 270 271 272 275 277 279 283 288 291 294 296 298 299 300
211 2 4 7 9 12 17 25 32 36 38 42 44 48 51 56 60 62 66 67 73 75 76 82 89 96 98 103 104 108 111 113 114 115 116 118 119 126 133 134 136 137 140 144 146 148 153 156 157 161 163 166 169 170 176 177 180 184 190 191 200 203 206 208 215 217 218 226 228 234 238 239 242 246 248 249 255 257 258 262 263 264 265 268 274 275 284 286 289 291 293
212 10 14 23 40 52 64 75 85 89 117 120 139 151 170 182 199 205 215 224 258 296
213 2 7 10 14 16 22 26 27 28 31 32 35 40 46 49 50 53 59 60 64 66 72 74 75 77 81 83 88 93 95 101 103 105 106 109 110 112 117 125 128 136 140 142 145 146 153 154 156 157 158 160 161 162 163 166 171 179 183 185 188 189 194 195 203 207 212 216 218 219 222 226 236 238 239 241 242 247 248 251 257 258 260 263 265 266 268 274 288 289 297 298
214 7 12 19 25 37 39 42 47 53 57 62 63 73 75 92 99 109 111 125 137 139 151 153 165 167 170 187 193 198 200 203 204 208 211 223 227 237 240 257 258 264 283 289 295
215 6 7 13 21 24 27 37 47 49 76 85 95 109 119 129 137 142 150 155 157 162 166 173 187 189 200 203 209 214 216 233 242 252 258 264 270 272 276 279
216 4 6 8 10 12 13 14 15 17 18 19 27 28 31 33 34 36 40 43 44 45 49 50 51 52 55 58 61 62 63 64 65 66 68 70 71 72 73 75 78 80 81 84 85 88 89 90 92 95 96 98 99 100 101 103 105 106 107 108 110 114 117 118 119 120 123 124 127 129 130 132 134 135 136 138 140 142 143 145 147 149 151 152 153 155 157 158 159 160 161 165 166 167 168 170 171 172 173 174 175 176 178 179 180 182 184 187 189 192 195 196 200 201 205 206 207 208 210 212 215 221 223 224 225 226 230 231 233 235 236 237 238 240 244 245 248 249 251 254 255 256 257 258 260 261 263 265 268 269 271 272 275 278 280 281 283 285 287 289 291 292 293 294 295 296 297 298 299 300
217 68 248 257
218 1 2 5 7 8 9 10 11 12 14 18 19 20 21 22 23 24 25 26 28 29 32 33 34 35 37 40 42 46 47 48 52 53 54 55 56 61 65 66 67 70 71 72 73 74 76 77 79 80 81 82 83 85 86 87 90 95 96 97 104 105 107 110 112 115 119 120 121 123 124 126 127 128 129 132 135 136 138 141 144 147 149 151 154 156 157 158 159 160 163 164 167 168 170 172 173 174 175 176 177 180 182 184 185 186 188 190 192 199 201 202 203 205 206 207 209 212 214 215 216 220 221 222 223 224 226 228 229 231 232 234 237 238 240 243 245 246 247 248 250 252 253 255 256 257 259 262 264 265 266 268 269 270 273 274 275 278 280 283 285 289 290 291 293 294 295 298 299
219 10 18 25 29 34 35 38 40 48 58 67 69 75 106 112 116 126 127 130 138 141 142 146 148 158 159 165 176 189 194 206 210 212 227 248 255 257 266 270 273 274 278 280 286 288 291 296 299
220 17 33 46 66 74 110 112 136 138 142 152 158 250 252 267 269 278 293 296
221 5 9 14 15 16 17 18 19 20 22 23 25 26 27 28 29 30 32 35 36 37 39 41 42 45 46 48 49 50 51 52 53 54 57 58 59 60 61 62 64 65 66 68 71 73 74 75 76 77 78 79 80 83 84 85 86 88 90 91 92 93 97 98 99 101 102 104 106 108 109 110 111 112 113 115 118 119 121 122 123 124 126 127 128 129 130 133 134 135 136 137 138 139 141 142 143 144 145 146 147 150 151 152 153 154 155 156 157 158 159 160 161 164 165 166 167 169 170 171 172 176 178 184 185 187 189 191 193 195 196 198 199 200 202 204 205 206 208 209 210 211 212 213 215 216 217 218 219 220 222 223 224 225 228 229 230 231 232 233 235 236 237 238 239 240 241 242 243 244 245 247 248 250 251 252 253 255 256 257 258 259 260 261 263 264 266 268 269 270 271 272 274 275 276 277 278 279 280 282 283 285 287 290 291 292 294 295 297 299
222 2 3 9 11 23 30 35 44 54 65 67 87 90 93 94 96 114 115 118 124 125 130 135 144 146 151 157 161 164 166 176 181 182 187 198 206 207 208 210 211 212 217 230 236 237 240 244 250 252 254 255 261 263 268 269 277 279 288 294
223 1 3 5 6 7 8 12 13 14 16 17 18 19 21 22 25 26 28 29 30 31 36 38 41 43 45 46 47 49 50 51 52 53 54 57 58 59 61 62 65 68 70 71 72 74 78 80 81 84 85 86 87 88 89 94 96 97 99 102 104 105 107 108 109 111 112 115 116 117 118 120 121 122 125 128 132 133 136 137 140 141 143 145 146 147 148 151 156 158 161 162 164 166 169 171 172 173 174 176 178 181 182 188 189 190 191 193 195 198 201 202 203 206 214 215 216 217 219 221 222 224 226 227 228 229 230 232 233 235 236 237 238 239 240 241 242 243 246 247 248 251 253 256 258 261 264 266 267 268 271 273 275 276 278 279 282 285 286 287 288 289 292 293 295 297
224 1 2 3 4 5 6 7 8 9 10 12 13 15 16 17 18 19 20 21 22 24 25 26 28 30 32 33 34 35 36 37 38 39 40 42 43 44 45 46 47 48 49 51 53 54 56 57 58 59 60 61 62 64 66 68 69 71 72 74 75 76 77 78 79 80 81 83 84 86 87 88 90 91 92 93 94 95 96 98 100 101 103 104 106 107 108 109 110 111 112 113 114 116 117 118 120 121 122 123 124 125 126 127 128 129 130 131 133 134 136 138 139 140 141 142 143 144 145 146 147 149 152 153 155 156 158 160 162 163 164 165 166 167 169 171 172 173 174 175 176 177 178 179 180 181 182 183 184 185 187 188 189 190 191 192 194 195 196 197 198 199 200 201 203 205 206 207 209 210 212 214 215 216 217 218 219 221 225 226 229 231 232 233 234 235 236 237 238 239 240 241 243 244 245 246 249 250 251 252 253 255 256 257 258 259 260 261 264 265 266 267 268 269 270 271 272 273 274 276 277 278 279 280 281 282 283 284 285 286 287 288 289 290 291 292 293 294 295 297 298 299 300
225 8 12 16 20 22 26 27 28 31 34 45 50 53 55 56 57 58 61 67 70 72 73 79 83 84 88 101 104 110 113 120 125 126 127 129 130 134 139 141 148 151 153 158 163 164 174 187 188 189 190 194 195 202 204 205 206 207 211 219 220 222 223 224 226 234 236 238 243 246 248 253 259 263 266 269 270 272 273 274 279 282 283 285 289 290 291 292 294
226 1 12 18 29 32 37 52 53 55 56 71 74 82 88 91 112 114 131 154 155 163 170 173 175 178 185 191 197 199 206 210 213 214 220 225 231 235 236 237 260 262 263 264 267 279 284 289 292 299 300
227 6 20 24 26 33 42 44 45 52 61 64 68 73 75 78 86 87 92 95 96 98 101 102 106 108 111 112 114 120 121 126 127 130 131 133 134 142 147 148 165 173 177 179 181 183 184 185 188 192 194 195 199 209 210 214 222 225 229 233 234 235 236 237 239 243 244 246 250 257 263 264 266 268 269 271 273 274 277 279 281 283 284 285 286 287 290 296 300
228 3 8 10 20 21 25 34 38 41 55 56 58 60 70 77 95 101 102 114 119 122 132 135 149 158 169 170 174 175 176 190 200 205 207 212 214 244 250 265 272 278 289
229 1 2 3 5 7 8 9 10 11 13 14 15 16 18 20 21 22 24 25 27 28 29 30 32 33 34 35 37 39 40 41 43 46 47 49 50 53 54 57 58 59 61 62 63 64 65 68 69 70 71 72 73 74 75 76 77 78 79 81 82 83 84 85 86 87 88 89 91 92 93 94 95 96 100 101 103 107 108 109 111 112 113 115 116 117 119 120 121 122 123 124 125 127 131 132 133 135 136 137 138 139 141 142 145 147 148 149 150 151 152 153 154 155 156 158 160 161 163 165 167 168 169 171 172 173 174 175 177 179 180 181 183 184 185 186 188 190 191 193 194 195 196 198 200 201 202 203 204 205 209 210 211 212 213 214 216 218 219 220 221 222 223 224 225 227 228 232 233 237 238 240 242 243 245 247 249 250 251 252 253 254 255 256 257 260 261 262 263 265 266 268 269 271 273 275 276 277 278 279 281 282 283 284 285 286 287 288 290 292 293 294 295 297 298 299 300
230 5 7 11 14 23 24 26 28 40 47 54 55 59 60 62 69 71 72 73 75 84 85 87 91 93 98 101 108 113 114 116 119 121 124 125 126 128 137 149 156 161 163 169 174 175 180 181 182 188 195 196 204 206 208 209 214 215 218 223 232 234 244 245 247 251 254 257 260 263 264 266 273 277 278 280 284 287 293 297 298 300
231 11 36 50 53 61 62 65 71 76 98 101 113 136 164 167 168 178 192 196 205 250 257 264 270 289
232 4 5 6 7 8 9 10 11 12 13 16 17 20 21 23 24 25 26 31 33 34 35 36 37 38 39 40 44 46 48 49 50 51 54 55 56 58 60 61 63 65 66 67 68 69 70 71 72 74 76 77 78 79 80 81 82 84 85 87 88 89 91 92 93 94 95 97 98 100 101 103 104 105 106 107 108 111 112 113 114 115 116 117 120 121 123 124 125 128 129 131 132 133 138 140 142 143 144 145 147 148 151 153 155 156 157 158 160 161 162 163 164 166 169 171 172 173 175 178 179 181 182 184 185 189 191 192 194 195 196 198 199 200 203 207 208 209 210 215 216 217 220 221 222 223 224 226 228 229 230 231 233 234 235 236 238 241 243 244 245 249 250 252 255 257 258 260 261 263 266 269 271 272 273 274 278 279 280 281 282 285 287 294 295 296 299
233 29 30 95 106 123 130 146 170 210 234 237 251 254 270
234 1 3 6 11 14 16 17 21 22 25 26 27 28 31 36 50 52 57 58 66 74 76 79 82 87 92 93 94 100 101 106 108 114 118 119 120 124 126 127 129 131 133 136 137 141 152 155 160 161 167 169 173 175 181 184 190 192 197 199 200 203 208 213 217 219 221 224 226 229 230 231 233 237 247 248 262 272 273 281 290 299
235 90 281
236 15 17 22 23 25 33 34 38 41 42 43 51 52 53 59 63 64 80 83 84 89 95 98 102 106 107 110 111 114 117 122 123 132 139 148 151 153 162 163 178 179 181 184 186 191 212 217 227 231 237 245 246 257 258 259 261 265 271 272 276 281 289 292 295 297 300
237 3 4 6 8 12 13 15 17 18 19 21 25 27 28 29 38 40 41 45 48 49 51 52 57 59 60 67 69 72 76 82 83 85 86 89 96 98 99 102 103 107 109 111 113 115 118 124 128 129 133 135 139 141 142 143 146 149 150 152 153 154 159 162 172 174 181 185 186 190 192 196 198 200 202 203 206 210 211 212 215 218 221 227 228 229 233 238 243 251 255 265 268 271 280 284 289 293 294 295 299 300
238 1 5 39 54 64 67 78 79 99 101 102 104 115 144 146 158 162 163 164 170 174 176 179 184 198 203 213 227 250 261 271 294 297 299
239 2 3 4 5 6 8 9 10 11 12 13 15 16 17 18 19 20 21 22 23 24 25 27 28 29 30 31 32 33 34 35 36 37 38 39 40 43 44 45 47 48 51 52 53 54 56 57 58 60 61 62 63 65 67 70 71 72 74 75 76 77 78 79 80 81 82 84 85 86 87 88 89 90 91 92 93 94 95 96 97 98 99 100 101 102 103 104 106 107 108 109 110 111 112 113 114 115 116 117 121 124 125 126 128 129 131 132 133 135 136 137 138 139 140 141 142 143 144 145 146 147 148 149 150 151 152 153 154 156 157 158 159 160 162 163 164 165 166 167 168 169 170 171 173 174 175 176 177 178 180 181 183 184 185 186 187 189 190 191 192 193 194 197 198 199 200 201 202 203 204 205 206 210 212 213 214 215 216 217 218 219 220 221 222 223 224 225 226 227 228 229 231 232 233 235 236 240 241 242 243 245 246 247 248 249 251 254 255 256 258 259 260 261 263 264 266 267 269 270 271 272 274 275 276 277 278 279 280 281 285 287 288 290 291 292 293 294 295 296 297 298 299 300
240 209 212 223 266
241 16 18 19 28 31 37 40 49 50 57 74 93 95 126 138 145 149 163 171 182 212 216 223 226 232 238 242 243 244 246 249 269 278 287 290 297
242 11 29 37 41 56 94 100 117 158 168 200 224 247 267 291
243 88 97 132 154 170 184 198 202 212 213 255 283 297
244 13 32 141 153 181 187 204 215 227 236 250 252
245 1 5 6 7 8 10 11 12 14 16 17 19 20 21 22 23 25 26 27 28 30 31 36 39 41 42 45 46 47 48 49 50 51 53 54 55 56 57 60 61 62 65 67 68 70 71 73 74 75 76 78 82 84 85 86 87 88 89 90 96 97 98 100 101 102 103 104 105 106 108 109 110 113 114 118 120 121 122 123 124 125 126 128 130 131 133 134 135 137 138 140 141 143 146 147 149 150 152 155 158 159 161 162 165 166 167 168 171 174 176 177 178 180 181 182 183 186 189 190 192 193 194 195 198 200 201 202 205 207 210 211 212 213 214 217 218 219 220 221 222 223 224 226 228 230 231 234 235 236 237 238 239 241 244 246 247 251 253 256 257 258 260 262 264 265 266 269 273 275 276 277 278 279 280 283 284 285 287 288 289 292 293 294 295 297 299 300
246 1 3 7 8 11 13 16 17 21 23 26 28 31 34 38 41 48 49 51 58 64 67 68 70 71 74 75 76 77 78 80 84 88 92 93 94 95 97 99 100 104 106 107 108 109 110 118 120 121 125 127 128 129 131 133 134 135 136 141 142 143 146 147 149 151 152 155 157 158 159 160 161 162 163 164 165 168 169 170 173 177 180 188 189 190 195 197 199 200 202 203 204 208 211 214 215 217 219 220 221 222 223 226 227 229 230 231 232 236 238 242 243 245 251 252 253 254 256 257 258 260 262 264 267 269 270 272 273 274 275 276 277 278 288 291 298 299 300
247 4 8 42 58 76 80 91 97 120 129 152 155 168 176 178 184 199 227 238 252 253 259 264 274 290
248 1 2 3 4 7 8 9 10 11 14 15 17 18 19 20 21 22 23 24 25 26 28 29 30 31 32 33 34 36 37 38 39 40 41 42 44 45 46 47 48 49 51 52 53 54 55 56 59 60 61 62 63 64 65 66 67 70 71 72 74 77 78 79 81 82 83 84 85 86 87 88 89 90 91 93 94 96 97 98 99 100 101 102 103 104 106 107 108 109 110 111 112 113 114 115 116 117 119 120 121 122 123 124 125 126 127 128 129 130 131 132 134 135 136 137 138 139 141 142 143 144 145 146 147 149 150 151 152 153 154 155 156 158 159 160 161 162 163 164 165 166 168 169 171 172 173 174 176 177 179 180 181 182 183 184 186 187 188 189 190 191 192 193 194 195 196 197 199 200 201 202 203 204 205 206 208 209 210 211 213 214 215 216 217 218 219 220 221 222 223 224 225 226 227 228 229 230 233 234 235 236 237 238 239 240 241 242 243 246 247 249 250 251 252 253 255 256 257 258 259 260 261 262 263 265 266 267 268 269 270 271 272 273 274 275 276 277 278 280 281 282 284 285 286 287 288 289 290 291 292 293 294 295 296 297 298 300
249 8 16 19 24 31 41 43 49 50 55 64 69 70 74 76 83 90 91 93 99 100 102 103 105 106 107 113 114 119 123 124 127 128 137 153 160 163 168 179 180 183 186 195 212 226 228 232 246 247 257 262 265 271 276 282 288 294 296 299
250 5 36 39 56 66 73 95 117 119 158 164 180 233 235 242 269
251 24 58 67 102 103 108 123 131 134 142 150 161 163 181 187 192 195 244 250 261 271 285 290 293 295 297 298
252 2 3 4 5 6 7 9 11 13 14 16 19 29 30 31 32 38 39 40 41 45 49 58 60 63 66 67 73 76 78 79 81 86 92 96 99 100 101 108 109 115 117 124 129 130 133 134 137 141 143 150 152 153 154 159 165 168 169 173 174 176 179 181 187 194 196 197 198 199 201 205 208 222 223 226 235 237 239 241 242 243 247 249 253 254 256 257 264 265 266 271 277 278 283 284 289 292 298
253 1 2 3 4 7 8 9 12 13 19 21 22 25 26 30 31 32 33 34 36 37 39 40 41 42 43 44 45 47 49 52 53 54 56 57 58 60 62 63 65 66 69 73 74 76 77 82 83 84 86 89 90 93 94 95 96 97 98 99 102 103 105 108 109 110 114 115 118 119 121 123 125 126 127 130 132 133 134 135 137 138 139 141 142 143 145 147 149 151 154 155 156 158 163 164 165 166 168 169 171 172 178 179 180 183 184 186 187 189 192 193 195 200 201 203 204 205 206 207 210 211 213 214 217 219 220 221 222 223 224 225 226 227 228 233 235 237 238 239 240 244 245 246 249 255 256 259 260 261 263 264 265 267 269 271 272 275 276 278 279 281 282 283 284 285 287 288 290 292 295 296 297 298 299 300
254 2 5 10 11 18 19 20 21 22 23 24 25 26 37 42 43 45 46 47 54 57 58 59 67 70 72 75 79 80 82 87 90 102 104 107 108 110 113 115 116 119 121 122 124 125 130 137 139 141 146 148 149 150 156 157 158 159 161 167 168 170 171 176 178 179 182 184 188 192 193 195 196 198 203 204 207 211 216 218 220 221 222 223 225 226 228 230 233 235 245 252 253 257 259 260 262 263 264 266 269 270 272 276 278 281 282 287 292 293 295
255 19 22 25 37 53 56 94 98 109 134 135 139 140 150 198 214 256 291
256 63 152
257 7 21 22 27 29 30 33 43 50 58 61 66 72 75 77 79 80 97 98 102 104 107 109 112 113 116 130 132 134 145 149 150 151 157 166 172 175 180 181 187 202 206 207 209 219 225 236 237 245 250 253 256 260 289
258 10 12 13 14 17 18 20 23 25 27 28 29 36 37 39 41 43 51 53 57 58 64 65 66 67 68 69 72 73 75 76 77 79 82 86 92 100 102 106 112 115 116 120 128 131 132 141 142 145 148 150 151 154 160 161 165 167 168 169 171 172 182 183 188 189 190 191 201 202 204 205 208 210 211 215 216 222 223 224 225 226 228 230 236 237 241 243 245 251 254 262 269 270 273 279 286 287 290 293 295 297 298
259 4 13 21 25 29 30 63 79 81 89 98 107 112 114 120 130 141 146 150 153 160 173 175 181 183 184 193 198 202 213 223 230 236 245 247 248 254 255 272
260 1 2 3 4 5 9 10 11 12 14 15 16 17 18 19 20 21 22 23 25 27 28 29 30 31 33 34 35 36 38 40 41 42 43 44 46 47 48 50 53 54 55 56 57 58 60 61 63 64 65 66 67 69 70 71 72 73 74 75 76 77 78 82 83 85 86 87 88 89 90 91 92 93 94 95 96 97 98 99 100 103 104 105 107 109 110 111 112 115 117 118 119 120 123 124 125 126 128 129 131 132 133 134 135 138 139 140 141 142 143 144 145 146 147 148 149 150 151 152 153 154 155 156 158 159 161 162 163 164 165 166 167 168 169 170 171 172 174 175 176 178 181 182 183 185 186 188 189 190 191 192 193 194 195 196 197 198 199 200 201 202 203 204 205 206 208 209 210 211 215 216 219 220 221 222 223 225 226 227 228 229 230 231 232 234 235 236 237 238 240 241 242 243 244 245 247 249 250 252 253 254 255 256 257 258 259 261 262 263 265 266 267 268 269 270 271 272 273 275 277 279 280 281 282 283 284 286 287 289 290 291 292 293 294 295 296 299
261 7 18 93 106 155 156 202 206 207 210 222 225 253 278 286
262 146 149 181 198 228 237 279 288
263 74 107 113 162 268
264 1 9 15 23 34 105 127 130 131 161 166 172 206 210 216 228 229 235 237 239 247 250 266 267 277 282 286 295
265 1 6 12 19 29 36 39 50 53 59 63 66 84 89 90 96 106 108 119 124 131 148 156 165 168 186 189 206 207 214 215 217 229 233 235 236 238 240 243 251 267 272 274 275 280 282 284 296 297
266 3 6 18 24 32 34 35 46 57 58 74 77 84 88 94 95 103 110 112 115 123 128 130 150 159 164 177 180 189 196 204 217 235 239 242 255 260 261 263 265 268 278 289 292 293
267 2 5 8 17 18 32 35 37 40 50 53 66 74 75 91 92 96 99 105 109 113 122 128 129 132 147 151 162 164 166 167 168 170 180 189 197 198 207 211 219 225 226 227 228 234 238 240 247 253 263 284 288
268 1 295
269 46 48 118 126 162 197
270 2 3 6 10 12 13 19 20 24 25 26 29 33 37 39 43 44 45 47 48 50 52 55 56 57 59 60 62 65 66 67 68 69 70 76 78 82 84 85 86 90 91 94 95 96 99 100 103 104 105 107 108 113 114 115 118 121 124 125 128 129 133 134 136 138 141 152 156 157 158 159 166 167 168 172 173 174 175 176 178 180 181 182 183 184 185 187 188 189 192 194 199 201 202 205 207 210 211 213 215 218 220 222 225 226 227 228 234 235 237 238 241 243 244 246 247 249 251 252 253 255 257 258 259 260 261 262 266 267 273 278 279 280 287 292 293 294 295 300
271 1 18 31 44 65 82 154 174 178 207 208 213 215 234 276
272 20 26 34 35 36 46 64 127 129 148 156 178 212 215 254 261 273 281
273 2 7 10 11 20 23 24 26 28 29 31 33 41 43 49 50 55 56 60 61 64 70 75 77 80 84 86 87 88 92 95 97 98 102 104 105 106 109 111 116 118 123 132 136 139 140 141 143 147 153 155 157 158 161 163 168 169 172 176 180 182 183 184 187 188 190 191 197 198 200 201 203 205 209 210 212 215 216 217 218 219 220 222 227 235 236 237 238 239 240 242 243 245 255 256 260 261 264 268 271 272 274 278 280 284 285 287 288 293 294 295 296 297 298 299
274 29 32 38 64 76 85 117 145 159 171 178 187 190 192 195 198 219 227 234 242 248 282
275 3 22 26 28 39 45 68 92 93 102 107 123 127 134 142 150 151 155 157 186 207 212 213 214 225 239 256 262 267 268 274 276 280 286
276 23 54 125 146 237 274
277 10 15 16 32 38 44 45 50 53 80 104 110 148 150 153 158 159 160 186 192 198 207 216 222 238 247 264 268 270 271 273 281 282 288
278 11 16 48 52 53 147 160 194 195 234 262
279 9 16 36 47 66 90 105 173 188 203 206 215 224 226 252
280 8 9 11 22 24 31 33 34 39 41 46 49 57 63 71 72 74 81 82 83 84 87 89 102 104 105 108 113 118 121 127 129 134 139 140 149 155 159 165 166 169 171 174 176 177 178 180 189 199 200 205 206 208 213 216 217 221 223 229 232 234 241 242 247 259 261 262 265 266 269 272 275 286 288 291 296
281 39 76 161 230 283
282 65 85
283 1 2 10 11 12 13 16 18 20 22 24 25 28 29 31 32 34 37 38 39 40 41 43 44 45 46 47 48 56 57 61 63 64 68 70 75 77 78 79 80 82 83 85 87 89 91 92 94 98 99 101 103 104 107 109 110 113 115 117 124 125 127 128 130 131 132 134 135 137 138 140 141 144 145 147 148 149 151 152 155 157 158 159 160 161 163 164 165 166 167 169 170 171 176 180 182 183 189 193 194 195 196 198 200 202 204 205 206 207 209 210 212 214 215 216 217 221 222 224 226 227 229 234 237 238 239 240 241 242 243 246 247 248 249 250 252 254 257 258 259 262 263 265 268 269 270 273 275 278 279 280 282 285 286 288 289 290 291 294 295 296 297
284 1 3 14 15 17 28 29 40 45 50 54 59 61 63 67 72 74 79 87 90 98 102 109 111 112 118 119 122 125 134 136 140 162 166 169 171 177 179 180 186 188 190 195 196 198 200 201 206 207 210 212 214 215 219 226 229 231 234 236 237 241 242 243 253 256 263 270 271 272 280 281 283 286 288 297 298
285 9 20 25 34 41 48 49 59 62 64 71 76 80 83 105 136 143 145 148 153 154 155 160 162 164 172 173 175 180 183 188 190 197 209 219 231 239 241 249 250 257 266 274 279 291
286 16 29 91 110 171 203 212 256 266 282 289 290
287 8 16 24 26 29 36 43 55 78 86 93 97 101 114 119 121 139 153 154 162 164 167 176 178 184 193 196 201 204 208 211 219 223 244 248 252 262 263 295 296 300
288 1 3 7 11 13 17 27 37 40 45 47 50 53 56 61 62 63 67 71 73 78 80 86 87 89 100 101 105 107 109 110 120 123 127 132 144 145 156 157 159 161 168 170 171 175 180 183 186 194 197 201 202 207 208 210 216 218 222 229 233 234 238 241 243 250 251 254 255 263 264 267 271 279 281 282 283 286 298 299
289 3 9 10 13 14 18 27 28 32 36 37 42 46 47 48 50 53 55 61 65 68 72 83 86 87 90 92 94 98 99 101 102 104 105 114 116 118 120 122 123 128 132 133 134 135 141 143 144 145 146 147 148 150 152 159 161 173 179 180 182 183 184 186 187 188 189 190 193 194 198 199 203 204 205 207 208 215 216 222 223 224 227 229 230 231 232 233 240 241 242 253 254 258 260 262 266 268 269 270 276 277 287 291 292 296
290 36 45 51 59 63 88 108 118 136 138 170 179 203 206 222 224 227 241 243 256 261 280 286 287 295
291 4 6 8 9 15 17 21 22 27 29 30 41 42 43 47 49 50 55 56 60 65 66 68 69 70 71 72 73 74 81 86 87 88 92 95 99 104 105 106 108 110 111 112 117 119 124 130 131 133 136 142 149 151 152 154 157 160 163 165 167 168 181 188 189 190 192 195 196 197 198 199 200 201 202 203 204 206 207 208 209 211 212 213 219 223 224 225 229 230 233 235 236 237 242 243 244 248 249 255 256 257 262 267 268 270 273 276 277 278 282 284 285 289 294 299 300
292 1 4 5 8 10 12 16 19 20 31 32 34 36 43 45 49 50 56 57 63 65 68 69 70 71 72 73 79 83 92 94 97 101 102 105 107 109 112 113 116 118 119 125 127 128 129 131 134 139 140 144 145 146 149 151 152 154 155 159 162 163 165 166 168 169 170 173 174 175 176 178 180 182 187 196 198 202 206 210 213 215 224 229 230 237 240 246 247 251 253 261 270 278 279 282 284 287 288 295 299 300
293 14 27 38 44 67 89 90 101 103 104 122 123 126 130 142 148 153 158 166 171 175 180 183 185 186 190 191 199 211 221 249 263 272 282 283 294
294 1 8 10 18 28 44 50 59 67 76 81 85 91 94 110 124 125 160 167 179 180 187 194 201 202 203 207 208 209 213 229 239 240 243 255 256 284 291 295
295 3 11 14 18 20 22 25 32 33 36 48 62 63 67 78 90 91 101 104 106 119 125 127 132 139 142 143 145 146 149 151 162 163 170 172 174 184 188 189 195 198 200 205 206 208 214 225 231 233 237 239 240 242 246 247 248 252 255 262 266 282
296 1 4 9 12 13 20 24 26 28 47 51 58 60 63 66 71 75 80 83 88 94 104 108 118 120 122 123 131 133 139 142 143 153 160 161 165 172 176 179 180 188 189 190 194 195 196 215 224 229 233 234 247 253 256 270 272 274 275 278 280 286 290 294 299 300
297 203 207 242 286
298 1 2 3 6 8 10 11 12 13 18 20 23 26 29 30 31 33 34 38 40 43 46 47 48 50 52 54 58 63 64 66 69 70 72 73 74 76 79 80 83 84 87 94 97 98 101 103 106 107 110 113 114 120 121 124 125 129 131 132 133 134 136 144 145 150 151 153 155 158 159 160 164 165 168 170 172 173 176 182 183 186 189 190 191 192 194 197 199 202 208 209 210 211 214 216 219 220 221 225 232 233 235 236 237 239 240 241 243 244 247 248 250 253 254 259 260 261 262 264 265 268 270 272 274 278 279 280 281 283 284 285 288 291 292 294 297 299 300
299 1 3 4 5 6 7 8 9 10 11 13 14 15 16 17 18 19 20 21 22 25 26 29 30 31 32 35 36 37 38 40 41 42 43 44 45 46 48 49 52 54 56 57 58 59 60 61 62 63 64 66 67 68 70 71 72 73 75 76 77 78 80 81 83 84 85 86 89 91 93 94 95 96 97 99 100 102 103 104 105 107 109 110 111 114 115 116 118 119 120 121 124 125 126 127 128 129 130 131 132 133 134 136 137 138 139 140 141 142 143 144 146 147 148 149 150 151 152 153 155 156 157 158 159 161 163 165 166 168 169 171 172 173 174 175 176 177 178 179 181 182 183 184 186 187 189 190 191 192 193 195 196 197 198 199 202 203 205 207 209 210 212 213 214 215 216 217 219 221 222 223 224 225 226 230 232 233 234 237 238 240 241 243 244 245 246 247 248 249 250 252 253 254 255 257 259 260 261 262 263 266 267 268 269 271 272 273 274 275 277 278 279 280 281 282 283 284 286 287 288 290 291 292 293 294 295 296 297 298 300
300 4 10 13 18 23 33 37 46 48 54 56 57 69 79 83 93 97 105 108 110 111 118 121 124 129 130 142 148 154 163 166 170 183 194 197 198 204 214 218 221 222 229 232 235 238 239 240 243 248 254 255 264 267 273 276 285 289
